0.0000	-0.0022	0.0700	-8.9084	-9.6554	-0.3051
-0.0025	-0.0112	0.0691	-8.1766	-8.3266	-1.6423
-0.0063	-0.0204	0.0667	-5.1372	-6.2162	-2.3825
-0.0067	-0.0145	0.0681	-7.1673	-6.8931	-2.1762
-0.0039	-0.0062	0.0696	-8.9345	-7.8746	-1.2046
-0.0095	-0.0095	0.0687	-8.9514	-6.4987	-2.1309
-0.0170	-0.0145	0.0663	-7.0860	-3.7683	-2.6456
-0.0231	-0.0166	0.0639	-6.4521	-2.5080	-2.9858
-0.0286	-0.0171	0.0616	-5.2626	-1.2129	-2.7807
-0.0335	-0.0165	0.0592	-4.4098	-0.1663	-2.5448
-0.0280	-0.0120	0.0630	-6.2403	-0.6999	-2.9019
-0.0220	-0.0117	0.0654	-6.9922	-2.1028	-2.7273
-0.0147	-0.0094	0.0678	-8.1554	-4.2367	-2.3532
-0.0092	-0.0043	0.0693	-9.4281	-6.3220	-1.6388
-0.0194	-0.0072	0.0669	-7.7016	-2.2395	-2.4704
-0.0262	-0.0073	0.0645	-6.3972	-0.2278	-2.6222
-0.0317	-0.0061	0.0621	-5.1926	1.1445	-2.5352
-0.0292	-0.0016	0.0636	-5.1877	1.4438	-2.3453
-0.0187	-0.0001	0.0674	-7.1415	-1.2026	-1.9863
-0.0232	-0.0032	0.0660	-6.5450	-0.1856	-2.3073
-0.0147	-0.0033	0.0684	-8.8650	-3.7553	-2.0916
-0.0049	-0.0004	0.0698	-9.6584	-6.8019	-0.7232
0.0077	0.0021	0.0695	-10.2824	-7.5941	1.3644
0.0150	0.0063	0.0681	-9.3435	-5.5795	2.5804
0.0186	0.0109	0.0666	-8.0235	-4.5506	2.9826
0.0097	0.0068	0.0690	-9.6002	-7.8417	2.1289
0.0026	0.0028	0.0699	-10.0110	-9.2901	0.7468
0.0084	0.0121	0.0684	-7.5732	-7.5326	2.2682
0.0143	0.0229	0.0646	-4.4225	-5.4829	2.9262
0.0093	0.0182	0.0670	-5.5720	-6.8521	2.6350
0.0037	0.0089	0.0693	-8.3770	-9.1473	1.6168
0.0044	0.0166	0.0679	-5.2673	-7.1591	2.0899
0.0083	0.0233	0.0655	-3.6648	-5.8526	2.5456
0.0124	0.0276	0.0631	-2.9354	-5.4178	2.9496
0.0169	0.0305	0.0607	-2.4123	-4.3040	2.8291
0.0135	0.0347	0.0593	-0.9728	-3.8604	2.4846
0.0095	0.0318	0.0616	-1.1524	-4.3083	2.4004
0.0058	0.0277	0.0640	-1.8205	-5.4119	2.5092
0.0027	0.0220	0.0664	-3.0009	-6.3829	2.2395
0.0005	0.0130	0.0688	-5.8203	-7.3215	1.4318
-0.0012	0.0065	0.0697	-7.7841	-8.7370	0.6907
-0.0048	0.0150	0.0682	-3.7662	-5.6461	0.9751
-0.0055	0.0095	0.0691	-5.6465	-6.1802	0.4015
-0.0110	0.0142	0.0677	-3.3864	-2.8677	0.0505
-0.0138	0.0212	0.0653	-0.5324	-0.7899	0.1443
-0.0090	0.0191	0.0667	-1.5689	-3.0086	0.6463
-0.0097	0.0258	0.0644	0.3734	-1.8845	0.8104
-0.0089	0.0313	0.0620	1.4498	-1.4440	0.9372
-0.0126	0.0369	0.0581	2.2652	-0.2146	0.6259
-0.0103	0.0410	0.0558	2.3383	-0.4380	0.7548
-0.0071	0.0360	0.0596	1.8670	-1.3021	1.0080
-0.0045	0.0401	0.0572	1.9486	-1.5157	1.2142
-0.0013	0.0435	0.0548	1.8836	-1.5757	1.2930
0.0008	0.0381	0.0587	1.2539	-2.6892	1.7295
-0.0021	0.0341	0.0611	1.1565	-2.7377	1.5698
-0.0042	0.0292	0.0635	0.4270	-2.8784	1.3550
-0.0053	0.0232	0.0658	-1.0588	-3.7633	1.2384
-0.0018	0.0192	0.0673	-2.8927	-5.7602	1.5629
-0.0003	0.0262	0.0649	-1.0316	-4.3127	1.7339
0.0023	0.0313	0.0625	-0.1259	-3.8161	1.9171
0.0055	0.0353	0.0602	0.2262	-3.5908	2.0888
0.0093	0.0384	0.0578	0.2371	-3.2322	2.1091
0.0135	0.0406	0.0554	0.1070	-2.9584	2.1413
0.0179	0.0420	0.0530	-0.1490	-2.6806	2.1754
0.0179	0.0367	0.0569	-1.0467	-3.4300	2.5409
0.0225	0.0377	0.0545	-1.1056	-2.9513	2.5007
0.0271	0.0380	0.0521	-1.3462	-2.6022	2.6003
0.0261	0.0329	0.0560	-2.2888	-3.0030	2.8364
0.0215	0.0322	0.0583	-2.3569	-3.7426	2.9308
0.0192	0.0258	0.0622	-3.9460	-4.4967	3.0791
0.0240	0.0273	0.0598	-3.4491	-3.4127	2.9432
0.0255	0.0222	0.0613	-4.6895	-3.0936	3.0744
0.0203	0.0208	0.0637	-5.6224	-4.6850	3.3268
0.0148	0.0179	0.0660	-6.5379	-6.1563	3.1291
0.0136	0.0126	0.0675	-7.7390	-6.2140	2.7104
0.0202	0.0158	0.0651	-6.5984	-4.2432	3.0755
0.0259	0.0170	0.0628	-6.1004	-2.9218	3.3128
0.0305	0.0224	0.0589	-4.2429	-2.0976	2.9931
0.0352	0.0216	0.0565	-3.9102	-1.2891	2.9278
0.0396	0.0200	0.0541	-3.3171	-0.4944	2.6094
0.0359	0.0158	0.0580	-4.2847	-0.4761	2.7797
0.0311	0.0169	0.0604	-4.8928	-1.4219	2.9201
0.0251	0.0120	0.0642	-6.4966	-2.2412	2.9598
0.0306	0.0117	0.0618	-5.6762	-0.8015	2.9628
0.0355	0.0103	0.0595	-4.6209	0.2468	2.7135
0.0397	0.0080	0.0571	-3.9928	0.9788	2.6395
0.0341	0.0051	0.0609	-5.2085	0.8486	2.8412
0.0291	0.0068	0.0633	-6.1327	-0.2972	2.8463
0.0230	0.0075	0.0657	-7.7878	-2.4209	3.0004
0.0194	0.0035	0.0672	-8.3114	-2.8880	2.5522
0.0137	0.0006	0.0686	-9.3401	-5.0676	1.9164
0.0264	0.0026	0.0648	-6.6883	-0.2481	2.7346
0.0317	0.0005	0.0624	-5.2925	1.2931	2.6798
0.0383	0.0025	0.0586	-4.0668	1.8228	2.5800
0.0434	0.0051	0.0547	-3.1357	1.5708	2.3401
0.0465	0.0016	0.0523	-2.5927	1.9127	2.2448
0.0527	0.0001	0.0461	-1.6875	1.8183	1.9228
0.0557	0.0030	0.0422	-1.4888	1.4677	1.8604
0.0582	0.0061	0.0384	-1.2736	1.1270	1.7515
0.0600	0.0013	0.0360	-1.0477	1.2838	1.6986
0.0620	0.0045	0.0322	-0.9485	1.1016	1.6732
0.0650	0.0027	0.0259	-0.6218	1.0487	1.4482
0.0661	0.0061	0.0221	-0.5464	0.8659	1.3953
0.0672	0.0007	0.0197	-0.4046	1.0198	1.3444
0.0681	0.0042	0.0159	-0.3738	0.8527	1.3808
0.0685	0.0077	0.0120	-0.3101	0.7412	1.2928
0.0693	0.0020	0.0096	-0.1925	0.7964	1.2174
0.0695	0.0056	0.0058	-0.1588	0.7359	1.1972
0.0694	0.0092	0.0019	-0.1223	0.6722	1.1925
0.0686	0.0113	0.0082	-0.2539	0.6498	1.2344
0.0683	0.0149	0.0043	-0.2058	0.5855	1.2405
0.0675	0.0184	0.0005	-0.1521	0.5279	1.2762
0.0657	0.0239	0.0028	-0.2261	0.4639	1.3389
0.0666	0.0204	0.0067	-0.2980	0.5065	1.4250
0.0645	0.0257	0.0091	-0.3485	0.3897	1.3727
0.0634	0.0291	0.0052	-0.2757	0.3466	1.4165
0.0620	0.0324	0.0014	-0.1980	0.3223	1.3342
0.0591	0.0374	0.0037	-0.2142	0.1928	1.4517
0.0606	0.0342	0.0076	-0.2878	0.1849	1.4645
0.0618	0.0308	0.0114	-0.4007	0.2560	1.4752
0.0587	0.0356	0.0138	-0.4118	0.1169	1.4469
0.0573	0.0389	0.0100	-0.2891	0.0587	1.4334
0.0556	0.0420	0.0061	-0.2051	0.0571	1.4703
0.0536	0.0450	0.0023	-0.1076	0.0618	1.3143
0.0518	0.0463	0.0085	-0.1750	-0.0784	1.4925
0.0536	0.0433	0.0124	-0.2909	-0.0849	1.5593
0.0551	0.0400	0.0162	-0.4074	-0.0522	1.5141
0.0512	0.0440	0.0186	-0.3470	-0.2326	1.5059
0.0495	0.0472	0.0147	-0.2328	-0.2373	1.5432
0.0476	0.0502	0.0109	-0.0963	-0.2025	1.3538
0.0496	0.0492	0.0047	-0.0672	-0.0627	1.3786
0.0471	0.0517	0.0008	0.0142	-0.0339	1.3455
0.0427	0.0554	0.0032	0.0715	-0.1254	1.2222
0.0452	0.0529	0.0070	0.0025	-0.1764	1.3111
0.0406	0.0563	0.0094	0.0890	-0.2799	1.2893
0.0430	0.0536	0.0133	-0.0229	-0.3346	1.4274
0.0381	0.0566	0.0156	0.1162	-0.4730	1.4278
0.0356	0.0591	0.0118	0.2016	-0.3751	1.2716
0.0328	0.0613	0.0079	0.2929	-0.3230	1.2845
0.0379	0.0586	0.0056	0.1834	-0.2377	1.2556
0.0349	0.0606	0.0017	0.2257	-0.1640	1.2065
0.0297	0.0632	0.0041	0.3712	-0.2472	1.1217
0.0265	0.0648	0.0002	0.3785	-0.1591	1.0848
0.0211	0.0667	0.0026	0.4721	-0.1910	1.0646
0.0244	0.0653	0.0065	0.4531	-0.2776	1.0939
0.0188	0.0668	0.0089	0.5760	-0.2985	1.0293
0.0155	0.0681	0.0050	0.6588	-0.2183	0.9353
0.0120	0.0690	0.0012	0.6153	-0.1215	0.8599
0.0063	0.0696	0.0035	0.7259	-0.1051	0.7869
0.0098	0.0689	0.0074	0.7264	-0.1934	0.8442
0.0132	0.0678	0.0112	0.7613	-0.3148	1.0077
0.0075	0.0683	0.0136	0.8966	-0.2741	0.8817
0.0040	0.0692	0.0098	0.8578	-0.1591	0.7747
0.0005	0.0697	0.0059	0.8569	-0.0625	0.6662
-0.0031	0.0699	0.0021	0.7824	0.0174	0.5824
-0.0053	0.0693	0.0083	0.9705	0.0067	0.5592
-0.0017	0.0689	0.0121	0.9986	-0.0943	0.6749
0.0018	0.0681	0.0160	1.0520	-0.2034	0.7482
-0.0038	0.0674	0.0184	1.1626	-0.1177	0.6719
-0.0073	0.0681	0.0145	1.1051	-0.0014	0.5645
-0.0109	0.0683	0.0107	1.0943	0.0969	0.4990
-0.0088	0.0693	0.0044	0.9399	0.0867	0.5178
-0.0124	0.0689	0.0006	0.8990	0.1581	0.4217
-0.0180	0.0676	0.0030	0.8960	0.2253	0.2966
-0.0145	0.0681	0.0068	0.9767	0.1688	0.3866
-0.0199	0.0665	0.0092	1.0128	0.2638	0.2888
-0.0164	0.0668	0.0131	1.1442	0.2150	0.3380
-0.0217	0.0647	0.0154	1.1678	0.3307	0.2517
-0.0253	0.0642	0.0116	1.1631	0.4310	0.1505
-0.0287	0.0634	0.0077	0.9771	0.4315	0.0965
-0.0235	0.0657	0.0054	1.0159	0.3477	0.1964
-0.0269	0.0646	0.0015	0.9384	0.3879	0.1193
-0.0321	0.0621	0.0039	0.8852	0.4565	0.0055
-0.0353	0.0604	0.0000	0.8599	0.5025	-0.0721
-0.0401	0.0573	0.0024	0.8892	0.6310	-0.1969
-0.0370	0.0591	0.0063	0.8888	0.5722	-0.1382
-0.0416	0.0556	0.0086	0.9271	0.7337	-0.2588
-0.0446	0.0537	0.0048	0.8460	0.7313	-0.3238
-0.0475	0.0514	0.0009	0.7489	0.6980	-0.3828
-0.0515	0.0473	0.0033	0.7018	0.7982	-0.4988
-0.0488	0.0497	0.0072	0.7638	0.8139	-0.4388
-0.0525	0.0453	0.0096	0.7160	0.9542	-0.5909
-0.0551	0.0429	0.0057	0.6301	0.8877	-0.5890
-0.0574	0.0400	0.0019	0.5671	0.8425	-0.6379
-0.0582	0.0380	0.0081	0.5169	0.9414	-0.6972
-0.0557	0.0406	0.0119	0.5829	1.0033	-0.6944
-0.0585	0.0356	0.0143	0.4834	1.1282	-0.8283
-0.0609	0.0329	0.0105	0.4364	1.0792	-0.8559
-0.0604	0.0351	0.0042	0.4902	0.9377	-0.7920
-0.0622	0.0321	0.0004	0.4413	0.8649	-0.8101
-0.0646	0.0268	0.0028	0.3339	0.9037	-0.9453
-0.0629	0.0300	0.0066	0.3421	0.9157	-0.9004
-0.0649	0.0245	0.0090	0.2458	1.0044	-0.9657
-0.0665	0.0213	0.0052	0.2261	0.9472	-1.0071
-0.0676	0.0180	0.0013	0.1934	0.8012	-1.0319
-0.0688	0.0123	0.0037	0.0850	0.8162	-1.1304
-0.0678	0.0158	0.0075	0.0939	0.9295	-1.1033
-0.0664	0.0190	0.0114	0.1115	1.0070	-1.0348
-0.0673	0.0134	0.0138	-0.0487	0.9914	-1.2078
-0.0686	0.0100	0.0099	-0.0316	0.9523	-1.1810
-0.0694	0.0066	0.0061	-0.0256	0.8635	-1.2300
-0.0699	0.0031	0.0022	-0.0056	0.7278	-1.1813
-0.0695	0.0008	0.0084	-0.1499	0.7565	-1.3110
-0.0688	0.0043	0.0123	-0.1630	0.9220	-1.2373
-0.0677	0.0077	0.0161	-0.1739	1.0390	-1.2256
-0.0675	0.0021	0.0185	-0.3545	0.9160	-1.3966
-0.0661	0.0054	0.0224	-0.3589	1.0539	-1.3171
-0.0662	0.0111	0.0200	-0.2052	1.0920	-1.2842
-0.0643	0.0141	0.0238	-0.1721	1.2366	-1.1973
-0.0620	0.0170	0.0277	-0.1226	1.4774	-1.1798
-0.0594	0.0195	0.0315	-0.0994	1.6506	-1.2087
-0.0563	0.0218	0.0354	-0.0481	1.8071	-1.1921
-0.0529	0.0237	0.0392	0.0157	2.1600	-1.2820
-0.0492	0.0250	0.0431	0.1076	2.4455	-1.2988
-0.0450	0.0259	0.0469	0.1632	2.5976	-1.2761
-0.0444	0.0307	0.0446	0.5991	2.3354	-1.0143
-0.0484	0.0300	0.0407	0.4980	2.2668	-1.0788
-0.0522	0.0287	0.0369	0.2877	1.9060	-1.0755
-0.0555	0.0270	0.0330	0.1971	1.7085	-1.0643
-0.0586	0.0249	0.0292	0.1432	1.5999	-1.0770
-0.0613	0.0223	0.0253	0.0682	1.4218	-1.0890
-0.0637	0.0196	0.0215	0.0200	1.2739	-1.1038
-0.0657	0.0166	0.0176	-0.0113	1.1189	-1.0982
-0.0646	0.0221	0.0152	0.1446	1.1469	-1.0534
-0.0630	0.0277	0.0128	0.2569	1.0537	-1.0091
-0.0608	0.0304	0.0167	0.3234	1.1691	-0.9538
-0.0625	0.0251	0.0191	0.1795	1.2106	-1.0064
-0.0600	0.0277	0.0229	0.2710	1.3968	-0.9804
-0.0573	0.0301	0.0268	0.3513	1.5390	-0.9766
-0.0542	0.0320	0.0306	0.3794	1.5999	-1.0029
-0.0507	0.0337	0.0345	0.5805	1.8393	-0.9440
-0.0471	0.0348	0.0383	0.7072	1.9237	-0.8798
-0.0432	0.0355	0.0422	0.9789	2.2082	-0.8547
-0.0413	0.0401	0.0398	1.0976	1.8505	-0.7280
-0.0452	0.0396	0.0359	0.9214	1.7339	-0.7499
-0.0488	0.0386	0.0321	0.7171	1.6078	-0.8407
-0.0522	0.0371	0.0282	0.6414	1.5114	-0.7996
-0.0554	0.0352	0.0244	0.4932	1.3529	-0.8295
-0.0582	0.0330	0.0205	0.3924	1.2443	-0.8832
-0.0558	0.0381	0.0182	0.5943	1.2469	-0.7877
-0.0529	0.0402	0.0220	0.6438	1.2667	-0.7637
-0.0498	0.0419	0.0259	0.7520	1.3290	-0.7064
-0.0464	0.0432	0.0297	0.9946	1.5155	-0.6531
-0.0427	0.0442	0.0336	1.0972	1.4997	-0.5794
-0.0389	0.0446	0.0374	1.3433	1.6127	-0.5252
-0.0350	0.0444	0.0413	1.5674	1.6600	-0.4594
-0.0309	0.0437	0.0451	1.9455	1.7653	-0.3755
-0.0281	0.0478	0.0427	1.9720	1.3149	-0.1714
-0.0320	0.0486	0.0389	1.6987	1.3398	-0.2745
-0.0360	0.0488	0.0350	1.4516	1.3411	-0.3771
-0.0397	0.0485	0.0312	1.1989	1.2641	-0.4396
-0.0433	0.0477	0.0273	1.0719	1.2381	-0.4648
-0.0468	0.0465	0.0235	0.9788	1.2723	-0.5671
-0.0500	0.0449	0.0196	0.8519	1.2186	-0.6151
-0.0530	0.0429	0.0158	0.6624	1.0486	-0.6271
-0.0497	0.0475	0.0134	0.8248	1.0115	-0.5255
-0.0465	0.0494	0.0173	0.9281	1.0297	-0.4436
-0.0458	0.0518	0.0110	0.8381	0.8237	-0.3863
-0.0427	0.0535	0.0149	0.9970	0.8856	-0.3226
-0.0384	0.0572	0.0125	1.0509	0.7491	-0.1965
-0.0350	0.0584	0.0163	1.1083	0.6980	-0.1241
-0.0337	0.0605	0.0101	1.0674	0.6037	-0.0576
-0.0303	0.0615	0.0140	1.1580	0.5624	0.0326
-0.0268	0.0622	0.0178	1.2269	0.4969	0.1100
-0.0315	0.0592	0.0202	1.2105	0.6545	-0.0319
-0.0279	0.0595	0.0240	1.3807	0.6299	0.0417
-0.0243	0.0594	0.0279	1.4919	0.5515	0.1221
-0.0205	0.0589	0.0317	1.7459	0.4867	0.2250
-0.0169	0.0579	0.0356	1.8912	0.3531	0.3249
-0.0134	0.0563	0.0394	2.0131	0.1453	0.4767
-0.0100	0.0541	0.0433	2.1091	-0.1292	0.6496
-0.0068	0.0513	0.0471	2.2590	-0.4497	0.8141
-0.0026	0.0538	0.0448	2.0029	-0.6853	0.9407
-0.0057	0.0565	0.0409	1.9845	-0.3831	0.8036
-0.0089	0.0587	0.0371	1.8471	-0.0964	0.5978
-0.0124	0.0604	0.0332	1.7342	0.1060	0.4542
-0.0159	0.0615	0.0294	1.7054	0.2535	0.3929
-0.0195	0.0622	0.0255	1.4878	0.3550	0.2713
-0.0232	0.0624	0.0217	1.4205	0.4623	0.1899
-0.0181	0.0648	0.0193	1.3420	0.2795	0.3200
-0.0128	0.0667	0.0169	1.1720	0.1199	0.4173
-0.0093	0.0662	0.0208	1.3277	0.0212	0.5246
-0.0145	0.0644	0.0231	1.4357	0.1788	0.4032
-0.0110	0.0637	0.0270	1.5763	0.0501	0.5222
-0.0075	0.0624	0.0308	1.5808	-0.1107	0.6077
-0.0041	0.0607	0.0347	1.7229	-0.3080	0.7446
-0.0010	0.0584	0.0385	1.7240	-0.5354	0.8570
0.0019	0.0557	0.0424	1.6842	-0.8436	1.0334
0.0045	0.0524	0.0462	1.7148	-1.2790	1.2831
0.0066	0.0485	0.0501	1.4779	-1.8032	1.5487
0.0111	0.0500	0.0477	1.1394	-1.7659	1.5857
0.0091	0.0538	0.0439	1.3809	-1.3846	1.4121
0.0067	0.0571	0.0400	1.4742	-1.0314	1.2249
0.0039	0.0598	0.0362	1.5191	-0.7473	1.0714
0.0009	0.0621	0.0323	1.4444	-0.4688	0.8615
-0.0023	0.0639	0.0285	1.3732	-0.2759	0.7325
-0.0057	0.0653	0.0246	1.3321	-0.1363	0.6727
-0.0003	0.0664	0.0222	1.2693	-0.2611	0.7998
0.0030	0.0649	0.0261	1.2036	-0.3998	0.8574
0.0061	0.0630	0.0299	1.2494	-0.6233	1.0559
0.0091	0.0606	0.0338	1.3079	-0.8408	1.1591
0.0117	0.0579	0.0376	1.1902	-1.0723	1.2798
0.0140	0.0546	0.0415	1.0371	-1.3644	1.4483
0.0158	0.0509	0.0453	0.7770	-1.8367	1.7929
0.0207	0.0513	0.0429	0.5407	-1.6759	1.7396
0.0190	0.0549	0.0391	0.7062	-1.3361	1.5327
0.0168	0.0581	0.0352	0.9235	-1.1298	1.4214
0.0143	0.0609	0.0314	1.0048	-0.8905	1.2695
0.0115	0.0633	0.0275	1.0708	-0.6870	1.1324
0.0084	0.0653	0.0237	1.0752	-0.5113	1.0259
0.0052	0.0669	0.0198	1.1002	-0.3450	0.8753
0.0108	0.0669	0.0175	0.8706	-0.4037	1.0075
0.0140	0.0652	0.0213	0.8550	-0.5384	1.0861
0.0169	0.0631	0.0252	0.7920	-0.7094	1.2452
0.0196	0.0606	0.0290	0.7339	-0.8400	1.2573
0.0220	0.0577	0.0329	0.6539	-1.1265	1.5408
0.0241	0.0545	0.0367	0.4858	-1.2974	1.6087
0.0257	0.0509	0.0406	0.2005	-1.5936	1.8743
0.0268	0.0470	0.0444	-0.1011	-1.7859	1.9514
0.0316	0.0462	0.0420	-0.4345	-1.6168	2.1029
0.0306	0.0500	0.0382	-0.0367	-1.2978	1.7299
0.0292	0.0536	0.0343	0.2574	-1.1639	1.5981
0.0272	0.0568	0.0305	0.4005	-1.0256	1.5534
0.0250	0.0597	0.0266	0.5256	-0.8718	1.4625
0.0224	0.0623	0.0228	0.6670	-0.7033	1.2670
0.0195	0.0645	0.0189	0.7003	-0.5498	1.1512
0.0164	0.0664	0.0151	0.6964	-0.4194	1.0864
0.0220	0.0652	0.0127	0.5586	-0.4012	1.0913
0.0250	0.0632	0.0166	0.5069	-0.5138	1.1969
0.0275	0.0635	0.0103	0.3845	-0.3620	1.2046
0.0304	0.0614	0.0142	0.3687	-0.4749	1.2688
0.0330	0.0590	0.0180	0.2325	-0.5616	1.4128
0.0278	0.0609	0.0204	0.4417	-0.6697	1.3986
0.0302	0.0583	0.0243	0.2717	-0.7713	1.5147
0.0324	0.0553	0.0281	0.1276	-0.8854	1.5957
0.0342	0.0521	0.0320	-0.0578	-1.0437	1.7624
0.0355	0.0485	0.0358	-0.2609	-1.1877	1.8691
0.0364	0.0447	0.0397	-0.5206	-1.2462	1.8838
0.0367	0.0407	0.0435	-0.9871	-1.4994	2.2363
0.0364	0.0365	0.0474	-1.4817	-1.6157	2.3844
0.0354	0.0320	0.0512	-2.2547	-1.7817	2.6730
0.0399	0.0304	0.0488	-2.1062	-1.1636	2.4452
0.0409	0.0347	0.0450	-1.5494	-1.1163	2.2704
0.0413	0.0388	0.0411	-1.0603	-1.0566	2.0610
0.0411	0.0427	0.0373	-0.6637	-0.9786	1.8529
0.0403	0.0465	0.0334	-0.4060	-0.8912	1.7283
0.0391	0.0500	0.0296	-0.1893	-0.8547	1.6948
0.0374	0.0533	0.0257	-0.0211	-0.7539	1.5920
0.0354	0.0563	0.0219	0.1548	-0.6709	1.4758
0.0404	0.0538	0.0195	0.0081	-0.5298	1.4442
0.0451	0.0507	0.0171	-0.1244	-0.3904	1.4850
0.0469	0.0476	0.0210	-0.2841	-0.4387	1.6305
0.0423	0.0507	0.0233	-0.1430	-0.6132	1.5902
0.0438	0.0474	0.0272	-0.3591	-0.6867	1.7742
0.0449	0.0438	0.0310	-0.5648	-0.6950	1.7977
0.0455	0.0401	0.0349	-0.8505	-0.7459	1.9673
0.0456	0.0363	0.0387	-1.1633	-0.7256	2.0494
0.0452	0.0323	0.0426	-1.4749	-0.6479	2.0563
0.0441	0.0282	0.0464	-2.0580	-0.6909	2.3745
0.0481	0.0254	0.0441	-1.8349	-0.2171	2.1277
0.0492	0.0293	0.0402	-1.5248	-0.3179	2.0983
0.0497	0.0332	0.0364	-1.1734	-0.3865	1.9581
0.0497	0.0370	0.0325	-0.8891	-0.4091	1.8254
0.0492	0.0407	0.0287	-0.6194	-0.4149	1.6528
0.0483	0.0442	0.0248	-0.4326	-0.4304	1.6084
0.0524	0.0406	0.0224	-0.5020	-0.2521	1.6294
0.0532	0.0371	0.0263	-0.6701	-0.2264	1.6764
0.0536	0.0334	0.0301	-0.9170	-0.1725	1.8230
0.0535	0.0297	0.0340	-1.1265	-0.0628	1.8287
0.0529	0.0259	0.0378	-1.3613	0.0323	1.8813
0.0517	0.0221	0.0417	-1.6826	0.1408	2.0125
0.0499	0.0184	0.0455	-2.1427	0.3612	2.2019
0.0474	0.0147	0.0494	-2.5201	0.5235	2.2611
0.0506	0.0113	0.0470	-2.0950	0.8979	2.0415
0.0531	0.0147	0.0432	-1.8685	0.6919	2.0643
0.0550	0.0183	0.0393	-1.5592	0.4725	1.9605
0.0562	0.0220	0.0355	-1.2684	0.2969	1.8276
0.0569	0.0257	0.0316	-1.0753	0.2033	1.7724
0.0572	0.0294	0.0278	-0.9158	0.1098	1.7701
0.0569	0.0330	0.0239	-0.6930	0.0183	1.6245
0.0562	0.0366	0.0201	-0.5769	-0.0476	1.7038
0.0596	0.0321	0.0177	-0.5208	0.1513	1.4818
0.0602	0.0285	0.0215	-0.6841	0.1822	1.6710
0.0603	0.0249	0.0254	-0.8126	0.3156	1.6212
0.0600	0.0213	0.0292	-0.9183	0.3750	1.6109
0.0591	0.0176	0.0331	-1.1924	0.5450	1.8411
0.0616	0.0129	0.0307	-0.9514	0.7952	1.5733
0.0625	0.0165	0.0268	-0.8568	0.6118	1.6193
0.0630	0.0201	0.0230	-0.7206	0.5009	1.5355
0.0630	0.0237	0.0191	-0.6191	0.3953	1.5478
0.0626	0.0273	0.0153	-0.4963	0.3072	1.4836
0.0651	0.0222	0.0129	-0.4482	0.4598	1.4697
0.0654	0.0186	0.0168	-0.5266	0.5510	1.4410
0.0671	0.0168	0.0105	-0.3583	0.5594	1.3878
0.0672	0.0133	0.0144	-0.4229	0.6886	1.3413
0.0669	0.0097	0.0182	-0.4805	0.7462	1.3661
0.0652	0.0150	0.0206	-0.6120	0.6220	1.4821
0.0646	0.0114	0.0245	-0.7126	0.7753	1.5180
0.0635	0.0079	0.0283	-0.7830	0.9087	1.5020
0.0601	0.0095	0.0345	-1.1626	0.8985	1.7784
0.0578	0.0140	0.0369	-1.3649	0.7075	1.8666
0.0559	0.0106	0.0408	-1.5927	0.8952	1.9505
0.0534	0.0073	0.0446	-1.9162	1.2661	2.0860
0.0503	0.0043	0.0485	-2.0572	1.4644	2.0054
0.0474	0.0080	0.0509	-2.5207	1.2076	2.1601
0.0440	0.0113	0.0532	-3.0761	0.8964	2.3544
0.0402	0.0139	0.0556	-3.9002	0.1827	2.7713
0.0437	0.0177	0.0518	-2.9719	0.0759	2.4819
0.0463	0.0215	0.0479	-2.4364	-0.1207	2.4067
0.0423	0.0241	0.0503	-2.6641	-0.5508	2.5047
0.0380	0.0261	0.0527	-2.9240	-1.2065	2.7077
0.0335	0.0273	0.0551	-2.9330	-1.7474	2.6523
0.0288	0.0277	0.0574	-3.2909	-2.6038	2.9105
0.0308	0.0328	0.0536	-2.1144	-2.2329	2.5849
0.0318	0.0376	0.0497	-1.3671	-1.9964	2.3836
0.0321	0.0420	0.0459	-0.7620	-1.7266	2.1139
0.0273	0.0427	0.0483	-0.5882	-2.0533	2.1501
0.0226	0.0427	0.0506	-0.3600	-2.4681	2.2429
0.0219	0.0472	0.0468	0.2091	-2.0380	1.9581
0.0172	0.0468	0.0492	0.4337	-2.1323	1.8757
0.0126	0.0456	0.0516	0.7618	-2.3348	1.8806
0.0083	0.0438	0.0539	1.0994	-2.5600	1.9117
0.0043	0.0414	0.0563	1.2525	-2.5259	1.7583
0.0025	0.0463	0.0525	1.6636	-1.7778	1.4894
0.0001	0.0504	0.0486	1.9171	-1.1855	1.2236
-0.0038	0.0478	0.0510	2.3187	-0.9367	1.0529
-0.0073	0.0447	0.0534	2.3809	-0.6804	0.8974
-0.0105	0.0483	0.0495	2.5090	-0.1119	0.6431
-0.0137	0.0449	0.0519	2.5890	0.2236	0.4914
-0.0139	0.0512	0.0457	2.2491	0.1871	0.4751
-0.0174	0.0534	0.0418	2.2108	0.4872	0.3003
-0.0211	0.0549	0.0380	2.0373	0.6692	0.1631
-0.0249	0.0558	0.0341	1.7780	0.7472	0.0727
-0.0286	0.0563	0.0303	1.6217	0.8322	-0.0175
-0.0322	0.0562	0.0264	1.4022	0.8453	-0.0899
-0.0359	0.0557	0.0226	1.1913	0.8454	-0.1917
-0.0394	0.0548	0.0187	1.1233	0.8995	-0.2700
-0.0433	0.0508	0.0211	1.0352	1.0480	-0.4021
-0.0398	0.0519	0.0250	1.1871	1.0780	-0.3473
-0.0362	0.0525	0.0288	1.3308	1.0707	-0.2781
-0.0324	0.0527	0.0327	1.5455	1.0724	-0.1963
-0.0287	0.0524	0.0365	1.8064	1.0566	-0.0971
-0.0249	0.0515	0.0404	2.0600	0.9976	-0.0023
-0.0211	0.0500	0.0442	2.1458	0.7809	0.1420
-0.0173	0.0479	0.0481	2.5168	0.6356	0.2744
-0.0203	0.0441	0.0504	2.3573	0.9698	0.1000
-0.0242	0.0463	0.0466	2.3069	1.2581	-0.0518
-0.0267	0.0423	0.0490	2.1842	1.6953	-0.2716
-0.0287	0.0379	0.0513	2.0032	2.1299	-0.4545
-0.0331	0.0394	0.0475	1.7497	2.1489	-0.5645
-0.0373	0.0401	0.0436	1.4432	2.0660	-0.6659
-0.0390	0.0355	0.0460	1.1807	2.3953	-0.8466
-0.0401	0.0309	0.0484	0.8395	2.6906	-1.0201
-0.0404	0.0262	0.0508	0.3923	2.8853	-1.1743
-0.0402	0.0214	0.0532	-0.1393	3.2509	-1.4167
-0.0450	0.0212	0.0493	-0.1889	2.9220	-1.4255
-0.0492	0.0202	0.0455	-0.2478	2.4585	-1.3607
-0.0531	0.0187	0.0416	-0.2708	2.1955	-1.3317
-0.0527	0.0137	0.0440	-0.7358	2.2042	-1.5688
-0.0562	0.0116	0.0401	-0.7431	1.9190	-1.5956
-0.0565	0.0166	0.0378	-0.3932	1.9348	-1.4413
-0.0595	0.0143	0.0339	-0.3424	1.6543	-1.2984
-0.0592	0.0092	0.0363	-0.6327	1.5353	-1.4186
-0.0621	0.0116	0.0301	-0.4133	1.3870	-1.3904
-0.0643	0.0086	0.0262	-0.3742	1.2954	-1.3428
-0.0638	0.0032	0.0286	-0.5766	1.2070	-1.4232
-0.0617	0.0063	0.0324	-0.6026	1.3830	-1.4136
-0.0607	0.0012	0.0348	-0.8552	1.2512	-1.5331
-0.0582	0.0041	0.0387	-0.9018	1.6066	-1.5262
-0.0552	0.0068	0.0425	-1.0758	1.9014	-1.6990
-0.0537	0.0021	0.0449	-1.3612	1.6987	-1.7048
-0.0500	0.0045	0.0488	-1.6584	2.1562	-1.8991
-0.0478	0.0003	0.0511	-2.2037	1.9491	-2.0727
-0.0432	0.0025	0.0550	-2.4806	2.2967	-2.0550
-0.0457	0.0065	0.0526	-1.8228	2.5517	-1.8999
-0.0517	0.0090	0.0464	-1.0959	2.2837	-1.6646
-0.0475	0.0108	0.0502	-1.2050	2.5043	-1.6793
-0.0487	0.0154	0.0478	-0.6618	2.6056	-1.5107
-0.0442	0.0165	0.0517	-0.8790	2.8907	-1.6762
-0.0428	0.0120	0.0541	-1.3165	3.0703	-1.7247
-0.0406	0.0079	0.0565	-2.1511	2.9589	-1.9616
-0.0377	0.0042	0.0588	-2.9361	2.7078	-2.0730
-0.0339	0.0009	0.0612	-4.2166	2.0087	-2.3666
-0.0308	0.0050	0.0627	-4.0382	2.2139	-2.1573
-0.0257	0.0020	0.0651	-5.7303	0.8462	-2.2928
-0.0122	0.0016	0.0689	-8.5085	-5.0301	-1.3876
-0.0213	0.0046	0.0665	-5.8777	-0.0678	-1.8738
-0.0156	0.0056	0.0680	-6.1889	-2.3747	-1.2243
-0.0222	0.0101	0.0656	-3.6283	0.9950	-1.3784
-0.0262	0.0147	0.0632	-2.0643	2.5805	-1.4531
-0.0306	0.0121	0.0618	-2.3556	3.0960	-1.7743
-0.0268	0.0081	0.0642	-3.7950	2.0548	-1.8456
-0.0345	0.0085	0.0603	-2.6109	3.0211	-1.9212
-0.0372	0.0126	0.0579	-1.7696	3.3785	-1.8725
-0.0391	0.0169	0.0555	-0.9429	3.2919	-1.6666
-0.0332	0.0164	0.0594	-1.0691	3.2455	-1.4945
-0.0348	0.0210	0.0570	-0.3271	3.4082	-1.4534
-0.0355	0.0256	0.0546	0.4245	3.1726	-1.2105
-0.0354	0.0302	0.0523	0.9674	2.8770	-1.0097
-0.0345	0.0349	0.0499	1.2880	2.3981	-0.7864
-0.0299	0.0335	0.0537	1.6393	2.4912	-0.6385
-0.0304	0.0288	0.0561	1.0213	2.8173	-0.8943
-0.0300	0.0240	0.0585	0.4836	3.1283	-1.0381
-0.0287	0.0193	0.0609	-0.5828	2.9063	-1.1977
-0.0213	0.0160	0.0647	-1.8539	1.4821	-0.9783
-0.0238	0.0212	0.0623	-0.2651	2.2465	-0.8645
-0.0249	0.0262	0.0600	0.8788	2.4283	-0.6944
-0.0250	0.0310	0.0576	1.6428	2.1965	-0.4686
-0.0241	0.0356	0.0552	1.9476	1.7651	-0.2883
-0.0226	0.0400	0.0528	2.1995	1.3355	-0.0728
-0.0163	0.0411	0.0543	2.4620	0.5513	0.3240
-0.0183	0.0368	0.0567	2.2220	0.8719	0.1531
-0.0140	0.0323	0.0605	1.8335	-0.0423	0.4476
-0.0146	0.0271	0.0629	0.9794	-0.1804	0.3045
-0.0195	0.0322	0.0590	1.8964	1.2442	-0.0522
-0.0197	0.0272	0.0614	1.2226	1.3628	-0.2116
-0.0188	0.0218	0.0638	-0.1151	1.0017	-0.3766
-0.0162	0.0160	0.0662	-2.1565	-0.2853	-0.4597
-0.0108	0.0090	0.0686	-5.4104	-3.6749	-0.3710
-0.0169	0.0106	0.0671	-3.9465	-0.6327	-0.8927
-0.0076	0.0039	0.0695	-8.1664	-6.3728	-0.5317
0.0046	-0.0036	0.0698	-8.4071	-7.8410	0.1593
0.0134	-0.0077	0.0683	-5.6330	-3.5678	0.7026
0.0194	-0.0134	0.0659	-2.7271	-0.2095	0.7618
0.0228	-0.0186	0.0635	-0.9502	1.1326	0.6725
0.0245	-0.0237	0.0611	0.3504	1.6362	0.4929
0.0251	-0.0286	0.0588	1.1940	1.7108	0.3241
0.0194	-0.0246	0.0626	0.3478	0.2937	0.0074
0.0197	-0.0297	0.0602	1.3965	0.5953	-0.1640
0.0247	-0.0333	0.0564	1.9155	1.6370	0.1299
0.0294	-0.0358	0.0525	1.9239	2.0680	0.3319
0.0303	-0.0311	0.0549	1.5463	2.4053	0.5110
0.0303	-0.0264	0.0573	0.7791	2.5234	0.7524
0.0295	-0.0217	0.0597	0.0250	2.5805	0.9268
0.0353	-0.0232	0.0558	0.3165	3.2009	1.1332
0.0341	-0.0187	0.0582	-0.5331	3.1669	1.3286
0.0276	-0.0170	0.0621	-1.0276	2.3195	1.0911
0.0244	-0.0124	0.0644	-2.5086	1.2136	1.1827
0.0320	-0.0143	0.0606	-1.4999	2.9303	1.4828
0.0289	-0.0101	0.0630	-2.9207	2.3273	1.7117
0.0243	-0.0063	0.0653	-4.4745	0.8104	1.7417
0.0193	-0.0079	0.0668	-4.7307	-0.8202	1.2716
0.0101	-0.0032	0.0692	-7.4542	-5.9035	0.8183
0.0174	-0.0030	0.0677	-6.5742	-2.1219	1.5991
0.0226	-0.0008	0.0663	-6.2631	-0.5421	2.1276
0.0284	-0.0034	0.0639	-4.3001	1.4823	1.9931
0.0328	-0.0067	0.0615	-3.1706	2.6985	1.9843
0.0360	-0.0105	0.0591	-1.8626	3.1635	1.6967
0.0383	-0.0147	0.0567	-1.0002	3.4240	1.5618
0.0397	-0.0192	0.0544	-0.3267	3.2641	1.3916
0.0447	-0.0188	0.0505	-0.2249	3.1221	1.3600
0.0491	-0.0178	0.0467	-0.2633	2.7714	1.3319
0.0530	-0.0162	0.0428	-0.2872	2.4841	1.2951
0.0522	-0.0114	0.0452	-0.7550	2.5896	1.5257
0.0467	-0.0086	0.0514	-1.2923	2.9591	1.6682
0.0482	-0.0131	0.0490	-0.7223	2.9677	1.5027
0.0436	-0.0142	0.0529	-0.9286	3.1026	1.6013
0.0418	-0.0100	0.0553	-1.6088	3.0955	1.7742
0.0393	-0.0059	0.0576	-2.3524	2.9175	1.9027
0.0359	-0.0024	0.0600	-3.5041	2.3968	2.1951
0.0418	-0.0007	0.0562	-2.6957	2.5998	2.0377
0.0446	-0.0044	0.0538	-1.9506	2.6538	1.8355
0.0490	-0.0024	0.0499	-1.8251	2.3947	1.9050
0.0509	-0.0067	0.0476	-1.1452	2.5657	1.5878
0.0545	-0.0044	0.0437	-1.0590	2.2423	1.5448
0.0575	-0.0017	0.0399	-0.9982	1.7865	1.5164
0.0587	-0.0066	0.0375	-0.6912	1.9954	1.4339
0.0558	-0.0091	0.0413	-0.6868	2.2125	1.4151
0.0564	-0.0142	0.0390	-0.3656	2.1056	1.2955
0.0594	-0.0117	0.0351	-0.3398	1.8959	1.2049
0.0620	-0.0089	0.0313	-0.4125	1.6796	1.2983
0.0613	-0.0037	0.0336	-0.6097	1.7356	1.3041
0.0633	-0.0006	0.0298	-0.6237	1.4426	1.3533
0.0641	-0.0059	0.0274	-0.3475	1.5814	1.1564
0.0659	-0.0028	0.0236	-0.3661	1.3621	1.1835
0.0662	-0.0082	0.0212	-0.1775	1.4815	1.1318
0.0644	-0.0114	0.0250	-0.1317	1.5726	1.0519
0.0622	-0.0142	0.0289	-0.1103	1.7586	1.1044
0.0595	-0.0170	0.0327	-0.1221	1.8435	1.1772
0.0565	-0.0192	0.0366	-0.0480	2.1440	1.2017
0.0531	-0.0211	0.0404	0.0112	2.3634	1.2209
0.0493	-0.0227	0.0443	0.1051	2.6512	1.2400
0.0451	-0.0236	0.0481	0.1609	2.8931	1.2653
0.0404	-0.0238	0.0520	0.2629	3.0843	1.2081
0.0404	-0.0285	0.0496	0.8121	2.8596	0.9809
0.0355	-0.0280	0.0534	0.9948	2.9664	0.8905
0.0351	-0.0326	0.0511	1.2963	2.4652	0.6832
0.0339	-0.0371	0.0487	1.5884	2.1115	0.5043
0.0382	-0.0378	0.0448	1.5163	2.2270	0.5859
0.0396	-0.0332	0.0472	1.1399	2.5347	0.8274
0.0423	-0.0378	0.0410	1.1583	2.0607	0.7062
0.0402	-0.0424	0.0386	1.4568	1.8423	0.5045
0.0362	-0.0423	0.0425	1.7083	1.9119	0.4456
0.0320	-0.0416	0.0463	1.8189	1.7713	0.3329
0.0278	-0.0401	0.0502	2.1345	1.6738	0.1568
0.0235	-0.0378	0.0540	2.2663	1.3095	-0.0671
0.0215	-0.0421	0.0516	2.2899	0.8590	-0.2511
0.0189	-0.0460	0.0492	2.3611	0.5528	-0.3884
0.0157	-0.0496	0.0469	2.2062	0.1562	-0.5750
0.0120	-0.0527	0.0445	1.9999	-0.1622	-0.7304
0.0087	-0.0499	0.0483	1.9699	-0.5566	-0.9291
0.0057	-0.0463	0.0522	1.8165	-1.1126	-1.1853
0.0019	-0.0491	0.0498	1.6746	-1.3126	-1.3587
-0.0005	-0.0450	0.0537	1.3033	-1.8789	-1.5609
-0.0045	-0.0474	0.0513	1.1126	-1.8199	-1.5864
-0.0089	-0.0493	0.0489	0.7694	-1.8181	-1.6934
-0.0067	-0.0532	0.0450	1.0645	-1.3131	-1.3910
-0.0022	-0.0514	0.0474	1.3677	-1.3673	-1.4182
-0.0042	-0.0564	0.0412	1.2512	-1.0093	-1.2539
-0.0091	-0.0575	0.0388	0.8947	-1.0016	-1.2744
-0.0115	-0.0543	0.0427	0.8073	-1.2727	-1.4011
-0.0135	-0.0506	0.0465	0.4849	-1.6303	-1.6317
-0.0149	-0.0463	0.0504	0.0528	-2.1951	-2.0020
-0.0196	-0.0471	0.0480	-0.1900	-1.8715	-1.9130
-0.0203	-0.0425	0.0518	-0.7386	-2.2059	-2.0959
-0.0244	-0.0472	0.0456	-0.3562	-1.5551	-1.7997
-0.0249	-0.0428	0.0495	-0.9543	-1.9596	-2.1775
-0.0248	-0.0380	0.0533	-1.5947	-2.1076	-2.2440
-0.0295	-0.0379	0.0509	-1.5904	-1.6319	-2.1356
-0.0341	-0.0371	0.0485	-1.6447	-1.2557	-2.1166
-0.0332	-0.0325	0.0524	-2.3594	-1.4252	-2.3770
-0.0377	-0.0313	0.0500	-2.2637	-0.9382	-2.2924
-0.0358	-0.0268	0.0539	-3.0620	-0.9498	-2.5071
-0.0402	-0.0251	0.0515	-2.7776	-0.3682	-2.3496
-0.0443	-0.0229	0.0491	-2.4591	0.1263	-2.1610
-0.0462	-0.0269	0.0453	-1.9734	-0.0218	-2.0255
-0.0420	-0.0294	0.0476	-2.0654	-0.3252	-2.0228
-0.0472	-0.0309	0.0414	-1.4939	-0.0426	-1.7360
-0.0511	-0.0276	0.0390	-1.4457	0.3033	-1.6791
-0.0499	-0.0238	0.0429	-1.7486	0.4570	-1.7829
-0.0481	-0.0200	0.0467	-2.1813	0.5134	-2.0267
-0.0456	-0.0163	0.0506	-2.6748	0.7691	-2.1617
-0.0422	-0.0127	0.0544	-3.3418	0.9381	-2.3712
-0.0458	-0.0097	0.0520	-2.6134	1.5008	-2.0186
-0.0491	-0.0131	0.0482	-2.2692	1.0556	-2.0242
-0.0516	-0.0166	0.0443	-1.8976	0.8797	-1.8783
-0.0534	-0.0203	0.0405	-1.5141	0.6772	-1.6564
-0.0546	-0.0240	0.0366	-1.3070	0.5382	-1.5955
-0.0553	-0.0277	0.0328	-1.1444	0.4477	-1.5514
-0.0555	-0.0314	0.0289	-0.9278	0.3867	-1.3591
-0.0551	-0.0351	0.0251	-0.8226	0.3082	-1.3752
-0.0544	-0.0386	0.0212	-0.6931	0.2732	-1.2768
-0.0580	-0.0344	0.0189	-0.6667	0.4495	-1.2290
-0.0586	-0.0308	0.0227	-0.7705	0.5010	-1.3094
-0.0588	-0.0272	0.0266	-0.8852	0.6484	-1.2963
-0.0585	-0.0235	0.0304	-1.0056	0.7469	-1.3569
-0.0577	-0.0199	0.0343	-1.1461	0.7673	-1.4854
-0.0564	-0.0162	0.0381	-1.3557	0.9245	-1.6149
-0.0546	-0.0127	0.0420	-1.5873	1.0976	-1.7321
-0.0521	-0.0094	0.0458	-1.9056	1.3626	-1.8879
-0.0547	-0.0052	0.0434	-1.4080	1.5974	-1.5818
-0.0571	-0.0084	0.0396	-1.2619	1.3280	-1.5376
-0.0590	-0.0118	0.0357	-1.1091	1.1194	-1.4623
-0.0604	-0.0153	0.0319	-1.0072	0.9614	-1.4473
-0.0626	-0.0105	0.0295	-0.8203	1.1257	-1.3409
-0.0643	-0.0054	0.0271	-0.6421	1.2741	-1.2685
-0.0654	-0.0088	0.0233	-0.6025	1.2063	-1.2350
-0.0661	-0.0124	0.0194	-0.5272	1.1178	-1.0821
-0.0642	-0.0176	0.0218	-0.6842	0.9288	-1.2654
-0.0636	-0.0140	0.0257	-0.7396	1.0390	-1.2674
-0.0613	-0.0190	0.0280	-0.8800	0.9415	-1.2863
-0.0617	-0.0226	0.0242	-0.7577	0.7597	-1.2237
-0.0617	-0.0262	0.0203	-0.7211	0.7458	-1.2264
-0.0642	-0.0212	0.0180	-0.5927	0.8179	-1.1531
-0.0639	-0.0248	0.0141	-0.5432	0.7624	-1.1223
-0.0632	-0.0283	0.0102	-0.5065	0.7582	-1.0319
-0.0612	-0.0297	0.0165	-0.6080	0.6300	-1.1217
-0.0603	-0.0333	0.0126	-0.5896	0.6411	-1.1242
-0.0569	-0.0378	0.0150	-0.5805	0.4337	-1.1083
-0.0555	-0.0411	0.0112	-0.5168	0.4149	-1.0435
-0.0532	-0.0420	0.0174	-0.6062	0.2848	-1.1663
-0.0516	-0.0453	0.0135	-0.5006	0.2249	-1.1541
-0.0474	-0.0490	0.0159	-0.4472	0.0800	-1.0833
-0.0490	-0.0459	0.0198	-0.5473	0.0767	-1.1790
-0.0504	-0.0424	0.0236	-0.6919	0.0630	-1.3633
-0.0513	-0.0389	0.0275	-0.8367	0.0650	-1.4698
-0.0517	-0.0353	0.0313	-0.9694	0.1280	-1.4564
-0.0517	-0.0315	0.0352	-1.2050	0.1811	-1.6070
-0.0477	-0.0348	0.0376	-1.2432	-0.0688	-1.6435
-0.0477	-0.0386	0.0337	-1.0023	-0.1227	-1.5587
-0.0471	-0.0423	0.0299	-0.7983	-0.1646	-1.4930
-0.0460	-0.0459	0.0260	-0.6466	-0.1470	-1.4038
-0.0446	-0.0492	0.0222	-0.4951	-0.1330	-1.2922
-0.0428	-0.0523	0.0183	-0.3913	-0.0838	-1.1541
-0.0379	-0.0551	0.0207	-0.2579	-0.2675	-1.1847
-0.0399	-0.0520	0.0245	-0.3874	-0.3181	-1.3043
-0.0415	-0.0487	0.0284	-0.5233	-0.3538	-1.3720
-0.0426	-0.0452	0.0322	-0.7027	-0.3735	-1.4530
-0.0433	-0.0415	0.0361	-0.9711	-0.4585	-1.6926
-0.0435	-0.0376	0.0399	-1.2208	-0.4051	-1.7111
-0.0431	-0.0335	0.0438	-1.6356	-0.4330	-1.9416
-0.0387	-0.0356	0.0462	-1.6983	-0.8832	-2.1064
-0.0390	-0.0398	0.0423	-1.2514	-0.8377	-1.9427
-0.0388	-0.0438	0.0385	-0.8535	-0.6716	-1.6249
-0.0380	-0.0475	0.0346	-0.6089	-0.6427	-1.5505
-0.0367	-0.0511	0.0308	-0.4308	-0.5853	-1.4853
-0.0349	-0.0544	0.0269	-0.2502	-0.4668	-1.2677
-0.0328	-0.0574	0.0231	-0.1267	-0.4110	-1.2023
-0.0277	-0.0591	0.0255	0.0468	-0.5476	-1.2199
-0.0298	-0.0561	0.0293	-0.0826	-0.6635	-1.3556
-0.0317	-0.0529	0.0331	-0.2338	-0.7526	-1.4246
-0.0331	-0.0494	0.0370	-0.4742	-0.8928	-1.6158
-0.0341	-0.0455	0.0408	-0.7266	-0.9667	-1.6830
-0.0344	-0.0415	0.0447	-1.1920	-1.2229	-2.0519
-0.0297	-0.0424	0.0471	-1.0969	-1.5665	-2.1046
-0.0292	-0.0467	0.0432	-0.5862	-1.3203	-1.8222
-0.0281	-0.0506	0.0394	-0.2372	-1.1164	-1.6033
-0.0266	-0.0541	0.0355	-0.0382	-0.9134	-1.4199
-0.0247	-0.0573	0.0317	0.1427	-0.7489	-1.2445
-0.0223	-0.0602	0.0278	0.2967	-0.6294	-1.1252
-0.0197	-0.0628	0.0240	0.3533	-0.4961	-1.0087
-0.0251	-0.0617	0.0216	0.1388	-0.4250	-1.0530
-0.0223	-0.0639	0.0177	0.1857	-0.3357	-0.9769
-0.0168	-0.0649	0.0201	0.3897	-0.3990	-0.9619
-0.0112	-0.0653	0.0225	0.6472	-0.4128	-0.8774
-0.0143	-0.0633	0.0264	0.6008	-0.5520	-0.9998
-0.0170	-0.0608	0.0302	0.5499	-0.7128	-1.1263
-0.0194	-0.0580	0.0341	0.3490	-0.8981	-1.3307
-0.0215	-0.0548	0.0379	0.1745	-1.1286	-1.5323
-0.0232	-0.0512	0.0418	-0.0396	-1.2759	-1.5854
-0.0182	-0.0512	0.0441	0.2321	-1.5069	-1.6516
-0.0165	-0.0548	0.0403	0.4583	-1.2142	-1.4658
-0.0143	-0.0580	0.0364	0.7079	-0.9561	-1.2460
-0.0117	-0.0608	0.0326	0.7201	-0.7502	-1.1418
-0.0088	-0.0632	0.0287	0.8245	-0.5376	-0.9309
-0.0057	-0.0652	0.0249	0.8762	-0.3944	-0.8324
-0.0024	-0.0667	0.0210	0.8710	-0.2472	-0.6827
-0.0080	-0.0670	0.0187	0.6584	-0.2893	-0.7567
-0.0047	-0.0683	0.0148	0.6677	-0.1990	-0.7077
-0.0012	-0.0691	0.0110	0.5808	-0.1082	-0.6193
0.0011	-0.0678	0.0172	0.8429	-0.1414	-0.6105
0.0046	-0.0686	0.0133	0.8042	-0.0520	-0.5420
0.0101	-0.0675	0.0157	0.9507	0.0388	-0.4434
0.0066	-0.0669	0.0196	1.0572	-0.0639	-0.5727
0.0031	-0.0659	0.0234	0.9865	-0.1876	-0.6589
-0.0003	-0.0645	0.0273	1.0331	-0.3350	-0.7794
-0.0035	-0.0626	0.0311	1.1012	-0.5309	-0.9444
-0.0064	-0.0603	0.0350	1.0321	-0.7068	-1.0286
-0.0014	-0.0592	0.0373	1.2497	-0.6435	-0.9715
0.0016	-0.0614	0.0335	1.3214	-0.4395	-0.8697
0.0050	-0.0632	0.0296	1.3080	-0.2130	-0.6735
0.0084	-0.0645	0.0258	1.2091	-0.0687	-0.5648
0.0119	-0.0654	0.0219	1.2484	0.0819	-0.4321
0.0156	-0.0658	0.0181	1.1627	0.1827	-0.3350
0.0207	-0.0637	0.0205	1.1909	0.3119	-0.2335
0.0171	-0.0634	0.0243	1.3106	0.2228	-0.3408
0.0134	-0.0627	0.0282	1.3677	0.0922	-0.4470
0.0100	-0.0614	0.0320	1.5095	-0.0539	-0.5723
0.0066	-0.0597	0.0359	1.4846	-0.3010	-0.7742
0.0034	-0.0575	0.0397	1.5409	-0.5820	-0.9754
0.0004	-0.0548	0.0436	1.5929	-0.8576	-1.0921
0.0048	-0.0526	0.0460	1.8964	-0.7875	-1.0987
0.0079	-0.0554	0.0421	1.8526	-0.3567	-0.8156
0.0112	-0.0575	0.0383	1.7839	-0.0610	-0.6134
0.0146	-0.0592	0.0344	1.7630	0.1750	-0.4494
0.0183	-0.0603	0.0306	1.5033	0.2821	-0.3445
0.0219	-0.0609	0.0267	1.4479	0.4256	-0.2180
0.0255	-0.0610	0.0229	1.3528	0.5187	-0.1259
0.0301	-0.0579	0.0252	1.4808	0.7664	-0.0104
0.0264	-0.0579	0.0291	1.5042	0.6399	-0.0908
0.0227	-0.0574	0.0329	1.6664	0.5390	-0.2105
0.0191	-0.0564	0.0368	1.8665	0.4132	-0.3352
0.0155	-0.0548	0.0406	1.9816	0.2009	-0.4857
0.0193	-0.0517	0.0430	2.2342	0.5204	-0.3786
0.0230	-0.0532	0.0392	2.0151	0.6944	-0.2414
0.0268	-0.0542	0.0353	1.7142	0.7957	-0.0790
0.0306	-0.0545	0.0315	1.6185	0.9197	0.0198
0.0343	-0.0544	0.0276	1.4739	0.9915	0.1249
0.0379	-0.0539	0.0238	1.2363	0.9622	0.2114
0.0337	-0.0575	0.0214	1.2895	0.7900	0.0898
0.0372	-0.0566	0.0175	1.2080	0.8442	0.1638
0.0414	-0.0528	0.0199	1.1763	1.0177	0.2527
0.0451	-0.0487	0.0223	1.1451	1.2338	0.3787
0.0417	-0.0498	0.0261	1.2880	1.2579	0.3449
0.0380	-0.0506	0.0300	1.4485	1.2451	0.2657
0.0343	-0.0508	0.0338	1.6542	1.2387	0.1846
0.0305	-0.0505	0.0377	1.8926	1.2132	0.0958
0.0266	-0.0496	0.0415	1.9501	0.9952	-0.0603
0.0227	-0.0482	0.0454	2.2797	0.8699	-0.2154
0.0256	-0.0443	0.0478	2.2101	1.2213	-0.0507
0.0296	-0.0458	0.0439	2.0811	1.4770	0.1361
0.0336	-0.0466	0.0401	1.6778	1.4157	0.2389
0.0375	-0.0467	0.0362	1.5818	1.5266	0.3347
0.0413	-0.0463	0.0324	1.3649	1.5083	0.4182
0.0449	-0.0455	0.0285	1.2086	1.4967	0.4864
0.0483	-0.0443	0.0247	0.9575	1.3315	0.5141
0.0516	-0.0425	0.0208	0.9349	1.4118	0.5668
0.0483	-0.0472	0.0184	1.0114	1.2071	0.4362
0.0514	-0.0453	0.0146	0.8760	1.1510	0.4884
0.0542	-0.0430	0.0107	0.7303	1.0496	0.5127
0.0545	-0.0405	0.0170	0.7760	1.2863	0.5760
0.0572	-0.0381	0.0131	0.6928	1.2386	0.5804
0.0597	-0.0331	0.0155	0.5287	1.2898	0.7169
0.0571	-0.0355	0.0194	0.6764	1.4482	0.6639
0.0542	-0.0377	0.0232	0.7488	1.4932	0.6753
0.0511	-0.0395	0.0271	0.8737	1.5583	0.6243
0.0476	-0.0410	0.0309	0.9997	1.6468	0.6422
0.0440	-0.0419	0.0348	1.2666	1.7935	0.5587
0.0462	-0.0373	0.0371	1.0932	2.0696	0.7173
0.0499	-0.0361	0.0333	0.8887	1.8980	0.7273
0.0533	-0.0346	0.0294	0.7321	1.7807	0.7677
0.0564	-0.0327	0.0256	0.5862	1.6644	0.8341
0.0592	-0.0304	0.0217	0.4914	1.5254	0.7964
0.0617	-0.0277	0.0179	0.3944	1.4014	0.8127
0.0632	-0.0224	0.0203	0.2676	1.5593	0.8869
0.0608	-0.0250	0.0241	0.2965	1.6122	0.9272
0.0580	-0.0274	0.0280	0.3599	1.6926	0.9130
0.0549	-0.0296	0.0318	0.4582	1.8455	0.9243
0.0515	-0.0312	0.0357	0.6290	2.0646	0.8976
0.0478	-0.0324	0.0395	0.8150	2.2458	0.8542
0.0439	-0.0331	0.0434	1.0578	2.4718	0.8145
0.0448	-0.0283	0.0457	0.6137	2.5792	0.9953
0.0489	-0.0275	0.0419	0.4554	2.3674	1.0246
0.0526	-0.0262	0.0380	0.3422	2.1327	0.9967
0.0560	-0.0244	0.0342	0.2913	2.1211	1.0337
0.0590	-0.0222	0.0303	0.1610	1.7682	0.9800
0.0617	-0.0197	0.0265	0.0958	1.6090	0.9732
0.0640	-0.0169	0.0226	0.0273	1.4907	1.0370
0.0660	-0.0138	0.0188	0.0287	1.4565	0.9674
0.0652	-0.0194	0.0164	0.1813	1.3413	0.8684
0.0669	-0.0162	0.0126	0.1366	1.2657	0.9034
0.0676	-0.0106	0.0149	0.0014	1.3645	0.9595
0.0676	-0.0050	0.0173	-0.1731	1.2617	1.0376
0.0687	-0.0014	0.0135	-0.1770	1.2691	1.0372
0.0687	-0.0072	0.0111	-0.0370	1.1923	1.0053
0.0695	-0.0036	0.0072	-0.0447	1.1275	0.9962
0.0699	-0.0001	0.0034	-0.0435	1.0737	0.9338
0.0697	-0.0060	0.0010	0.0801	1.0791	0.8516
0.0692	-0.0095	0.0049	0.1031	1.2180	0.9050
0.0682	-0.0129	0.0087	0.1151	1.1951	0.8671
0.0672	-0.0185	0.0063	0.2503	1.1800	0.7930
0.0683	-0.0151	0.0025	0.2124	1.0867	0.7846
0.0668	-0.0208	0.0001	0.3454	1.1129	0.7685
0.0656	-0.0241	0.0040	0.3933	1.1856	0.7119
0.0657	-0.0219	0.0102	0.3042	1.2818	0.7878
0.0639	-0.0249	0.0140	0.3585	1.3699	0.7991
0.0620	-0.0303	0.0116	0.4930	1.2782	0.6949
0.0640	-0.0273	0.0078	0.4191	1.1875	0.7168
0.0635	-0.0295	0.0016	0.4685	1.0457	0.6795
0.0617	-0.0325	0.0054	0.5153	1.0832	0.6362
0.0596	-0.0355	0.0093	0.5593	1.1104	0.6600
0.0567	-0.0405	0.0069	0.6782	1.0463	0.5605
0.0589	-0.0377	0.0030	0.6473	1.0581	0.5682
0.0557	-0.0424	0.0007	0.7111	0.9406	0.4605
0.0534	-0.0451	0.0045	0.7795	0.9685	0.4596
0.0495	-0.0495	0.0021	0.7773	0.7921	0.3439
0.0468	-0.0517	0.0060	0.8814	0.8329	0.3151
0.0507	-0.0476	0.0084	0.8139	0.9369	0.3994
0.0478	-0.0497	0.0122	0.8892	0.9484	0.3770
0.0447	-0.0514	0.0161	1.0763	1.0369	0.3240
0.0405	-0.0554	0.0137	1.0583	0.8276	0.2149
0.0438	-0.0537	0.0098	0.9878	0.8519	0.2527
0.0393	-0.0574	0.0075	0.9307	0.6591	0.1683
0.0425	-0.0555	0.0036	0.8811	0.6884	0.2272
0.0377	-0.0590	0.0012	0.8730	0.5608	0.1193
0.0346	-0.0606	0.0051	0.9013	0.5197	0.0664
0.0313	-0.0620	0.0089	0.9305	0.4716	0.0110
0.0361	-0.0589	0.0113	1.0241	0.6491	0.1123
0.0327	-0.0600	0.0152	1.1630	0.6430	0.0352
0.0292	-0.0607	0.0190	1.2639	0.5982	-0.0320
0.0243	-0.0635	0.0166	1.1333	0.3996	-0.1267
0.0278	-0.0630	0.0128	1.0697	0.4552	-0.0818
0.0261	-0.0646	0.0065	0.8775	0.3461	-0.0829
0.0296	-0.0634	0.0027	0.8655	0.4021	-0.0360
0.0242	-0.0657	0.0003	0.7552	0.2774	-0.0999
0.0208	-0.0667	0.0042	0.8324	0.2475	-0.1883
0.0227	-0.0654	0.0104	1.0023	0.3188	-0.1783
0.0191	-0.0658	0.0142	1.0543	0.2593	-0.2173
0.0136	-0.0676	0.0119	0.9668	0.1321	-0.3582
0.0173	-0.0674	0.0080	0.8570	0.1873	-0.2756
0.0153	-0.0683	0.0018	0.6837	0.1462	-0.2524
0.0116	-0.0688	0.0056	0.7213	0.0941	-0.3401
0.0081	-0.0689	0.0095	0.7922	0.0336	-0.4315
0.0024	-0.0696	0.0071	0.6255	-0.0264	-0.4720
0.0060	-0.0697	0.0033	0.5850	0.0300	-0.4296
0.0002	-0.0700	0.0009	0.4495	-0.0047	-0.4966
-0.0034	-0.0698	0.0047	0.4693	-0.0588	-0.5287
-0.0091	-0.0694	0.0023	0.3219	-0.0626	-0.5989
-0.0126	-0.0686	0.0062	0.3251	-0.1191	-0.6577
-0.0069	-0.0691	0.0086	0.4949	-0.1256	-0.6140
-0.0103	-0.0681	0.0124	0.4488	-0.2048	-0.7508
-0.0136	-0.0667	0.0163	0.4487	-0.2992	-0.8527
-0.0193	-0.0658	0.0139	0.2716	-0.2573	-0.8429
-0.0161	-0.0674	0.0100	0.3009	-0.1855	-0.7633
-0.0216	-0.0661	0.0077	0.1366	-0.1358	-0.7859
-0.0183	-0.0675	0.0038	0.1610	-0.0846	-0.7230
-0.0238	-0.0658	0.0014	0.0418	-0.0313	-0.7461
-0.0270	-0.0643	0.0053	0.0094	-0.0707	-0.8133
-0.0302	-0.0625	0.0091	-0.0311	-0.1153	-0.8912
-0.0247	-0.0645	0.0115	0.0812	-0.1832	-0.8511
-0.0277	-0.0624	0.0154	0.0453	-0.2539	-0.9500
-0.0305	-0.0600	0.0192	-0.0344	-0.3437	-1.1285
-0.0356	-0.0579	0.0168	-0.1783	-0.1998	-1.0637
-0.0330	-0.0603	0.0130	-0.1017	-0.1626	-1.0141
-0.0354	-0.0600	0.0068	-0.1671	-0.0104	-0.9665
-0.0324	-0.0620	0.0029	-0.1200	0.0220	-0.8676
-0.0374	-0.0592	0.0005	-0.2075	0.1235	-0.8572
-0.0403	-0.0571	0.0044	-0.2618	0.1149	-0.9110
-0.0381	-0.0578	0.0106	-0.2176	-0.0327	-0.9598
-0.0405	-0.0552	0.0145	-0.3038	-0.0527	-1.0532
-0.0453	-0.0520	0.0121	-0.3739	0.0652	-1.1232
-0.0430	-0.0546	0.0082	-0.3120	0.1015	-0.9560
-0.0450	-0.0536	0.0020	-0.3182	0.2337	-0.8957
-0.0475	-0.0511	0.0058	-0.3905	0.2481	-1.0036
-0.0497	-0.0483	0.0097	-0.4315	0.2266	-1.0826
-0.0538	-0.0442	0.0073	-0.4612	0.3823	-1.0816
-0.0516	-0.0471	0.0035	-0.4163	0.3862	-0.9477
-0.0555	-0.0427	0.0011	-0.4299	0.5339	-0.9570
-0.0574	-0.0398	0.0049	-0.4600	0.5352	-1.0406
-0.0590	-0.0366	0.0088	-0.4914	0.5408	-1.0487
-0.0621	-0.0316	0.0064	-0.4767	0.7348	-0.9918
-0.0606	-0.0350	0.0026	-0.4460	0.7035	-0.9454
-0.0633	-0.0298	0.0002	-0.3731	0.7872	-0.9793
-0.0647	-0.0265	0.0040	-0.4059	0.8381	-0.9971
-0.0667	-0.0212	0.0016	-0.3028	0.8790	-0.9680
-0.0675	-0.0177	0.0055	-0.3406	0.9862	-1.0067
-0.0656	-0.0231	0.0079	-0.4239	0.8390	-1.0696
-0.0662	-0.0196	0.0117	-0.4665	0.9092	-1.1132
-0.0664	-0.0159	0.0156	-0.4950	0.9511	-1.1360
-0.0679	-0.0105	0.0132	-0.3654	1.1085	-0.9972
-0.0679	-0.0141	0.0093	-0.3467	0.9821	-1.0421
-0.0691	-0.0085	0.0070	-0.2280	1.1068	-0.9137
-0.0689	-0.0120	0.0031	-0.2259	1.0674	-0.8758
-0.0697	-0.0063	0.0007	-0.1119	1.1236	-0.9127
-0.0698	-0.0028	0.0046	-0.1032	1.1731	-0.8527
-0.0690	-0.0049	0.0108	-0.2358	1.1485	-0.9785
-0.0684	-0.0013	0.0147	-0.2391	1.1941	-1.0092
-0.0675	-0.0070	0.0170	-0.3974	1.1582	-1.1006
-0.0667	-0.0034	0.0209	-0.4059	1.2350	-1.0962
-0.0655	0.0000	0.0247	-0.4148	1.4010	-1.0978
-0.0627	-0.0020	0.0310	-0.6742	1.4055	-1.2763
-0.0611	-0.0071	0.0334	-0.8984	1.3344	-1.3634
-0.0592	-0.0037	0.0372	-1.0234	1.6118	-1.4664
-0.0567	-0.0007	0.0411	-1.0849	1.6875	-1.4696
-0.0516	-0.0023	0.0473	-1.7660	1.8695	-1.8371
-0.0489	-0.0063	0.0497	-2.1915	1.6324	-1.9533
-0.0450	-0.0034	0.0535	-2.7508	2.0189	-2.1855
-0.0401	-0.0010	0.0574	-3.3259	2.3720	-2.2850
-0.0363	-0.0039	0.0597	-4.0382	1.8452	-2.3322
-0.0416	-0.0067	0.0559	-3.1926	1.7083	-2.1727
-0.0377	-0.0092	0.0583	-4.2324	1.2544	-2.5359
-0.0331	-0.0111	0.0607	-5.1804	0.4900	-2.7410
-0.0381	-0.0150	0.0568	-3.7973	0.5736	-2.3930
-0.0417	-0.0189	0.0530	-3.1847	0.3192	-2.3930
-0.0375	-0.0209	0.0553	-3.5285	-0.2938	-2.4996
-0.0329	-0.0221	0.0577	-4.2114	-0.9715	-2.7707
-0.0281	-0.0224	0.0601	-4.8319	-1.8728	-2.9534
-0.0230	-0.0217	0.0625	-5.1852	-2.8125	-2.8818
-0.0176	-0.0196	0.0649	-5.9151	-3.8963	-2.7816
-0.0118	-0.0155	0.0672	-7.8150	-6.0513	-2.7658
-0.0118	-0.0209	0.0658	-5.5904	-5.3512	-2.7015
-0.0167	-0.0245	0.0634	-4.7857	-4.2192	-2.8973
-0.0216	-0.0267	0.0610	-4.0378	-3.0333	-2.7567
-0.0264	-0.0277	0.0586	-3.5944	-2.1992	-2.6573
-0.0312	-0.0276	0.0562	-3.4114	-1.6920	-2.7232
-0.0285	-0.0330	0.0548	-2.5756	-2.0412	-2.5687
-0.0238	-0.0327	0.0572	-2.7571	-2.7922	-2.7435
-0.0191	-0.0315	0.0595	-3.0206	-3.5209	-2.8306
-0.0202	-0.0373	0.0557	-1.5815	-2.6974	-2.3806
-0.0157	-0.0358	0.0581	-1.7649	-3.4200	-2.5859
-0.0146	-0.0292	0.0619	-3.4138	-4.3885	-2.8760
-0.0103	-0.0257	0.0643	-4.0369	-5.4603	-2.8290
-0.0114	-0.0334	0.0604	-1.9016	-3.9953	-2.5677
-0.0114	-0.0396	0.0566	-0.6052	-3.2076	-2.3657
-0.0157	-0.0414	0.0542	-0.6340	-2.6300	-2.1919
-0.0104	-0.0448	0.0527	0.2614	-2.3529	-1.9482
-0.0063	-0.0427	0.0551	0.4216	-2.6903	-2.0348
-0.0074	-0.0370	0.0590	-0.5585	-3.3758	-2.1862
-0.0076	-0.0299	0.0628	-2.3174	-4.6686	-2.5034
-0.0042	-0.0251	0.0652	-3.3123	-5.4382	-2.3079
-0.0015	-0.0182	0.0676	-5.0526	-7.3843	-2.0960
0.0012	-0.0230	0.0661	-3.0267	-5.7811	-1.9551
-0.0009	-0.0289	0.0637	-1.6202	-4.9200	-2.2570
-0.0038	-0.0335	0.0614	-0.8754	-3.8846	-2.1745
-0.0025	-0.0398	0.0575	0.4591	-2.9978	-2.0563
0.0007	-0.0362	0.0599	0.3416	-3.0511	-1.8500
0.0033	-0.0318	0.0623	-0.0713	-3.7089	-1.8914
0.0059	-0.0381	0.0584	1.3360	-2.1921	-1.5655
0.0029	-0.0418	0.0560	1.3595	-1.9020	-1.4914
0.0089	-0.0429	0.0546	1.9204	-0.9825	-1.0863
0.0122	-0.0467	0.0507	2.1329	-0.3189	-0.8050
0.0152	-0.0430	0.0531	2.2912	-0.0164	-0.6672
0.0174	-0.0390	0.0555	2.3138	0.2426	-0.5567
0.0190	-0.0345	0.0579	1.8363	0.3684	-0.3826
0.0144	-0.0297	0.0617	0.9950	-1.0583	-0.7429
0.0134	-0.0346	0.0593	1.6464	-0.8922	-0.8939
0.0115	-0.0391	0.0569	1.9344	-0.8634	-0.9826
0.0081	-0.0337	0.0608	1.0060	-2.1224	-1.3121
0.0095	-0.0286	0.0632	0.2673	-2.6991	-1.2629
0.0096	-0.0226	0.0656	-1.2635	-3.6552	-1.0751
0.0144	-0.0242	0.0641	-0.2397	-1.6015	-0.5513
0.0127	-0.0179	0.0665	-2.2659	-2.9417	-0.3587
0.0178	-0.0190	0.0650	-1.2669	-0.7128	0.1381
0.0141	-0.0128	0.0674	-3.8220	-2.8635	0.2559
0.0082	-0.0097	0.0688	-6.0027	-6.0643	-0.1420
0.0078	-0.0149	0.0679	-3.9256	-5.3666	-0.7270
0.0031	-0.0086	0.0694	-7.7503	-8.2873	-0.6721
0.0053	-0.0195	0.0670	-3.2010	-5.4998	-1.3432
0.0049	-0.0264	0.0646	-1.1278	-4.1990	-1.6285
0.0019	-0.0143	0.0685	-5.5138	-7.7337	-1.4594
