0.0000	-0.0022	0.0700	-12.8756	0.1303	0.0041
-0.0025	-0.0112	0.0691	-10.5388	-0.6728	-0.4850
-0.0063	-0.0204	0.0667	-5.1034	-2.0491	-1.1059
-0.0067	-0.0145	0.0681	-8.1890	-1.6964	-1.1687
-0.0039	-0.0062	0.0696	-12.4762	-0.5771	-0.7570
-0.0095	-0.0095	0.0687	-10.5791	-1.1479	-1.6156
-0.0170	-0.0145	0.0663	-7.7683	-2.7679	-2.6021
-0.0231	-0.0166	0.0639	-5.7326	-3.0055	-2.8549
-0.0286	-0.0171	0.0616	-4.7772	-2.9173	-3.0290
-0.0335	-0.0165	0.0592	-4.1462	-2.5349	-3.0558
-0.0280	-0.0120	0.0630	-6.2915	-2.1598	-3.2035
-0.0220	-0.0117	0.0654	-7.7297	-2.3504	-3.0196
-0.0147	-0.0094	0.0678	-9.9727	-1.4406	-2.3580
-0.0092	-0.0043	0.0693	-12.7533	-0.2267	-1.7009
-0.0194	-0.0072	0.0669	-10.2493	-1.2888	-3.1064
-0.0262	-0.0073	0.0645	-7.8164	-1.2578	-3.3149
-0.0317	-0.0061	0.0621	-6.7413	-0.9309	-3.5286
-0.0292	-0.0016	0.0636	-7.5180	0.1854	-3.4478
-0.0187	-0.0001	0.0674	-10.7024	0.9150	-2.9727
-0.0232	-0.0032	0.0660	-9.0855	-0.1600	-3.1982
-0.0147	-0.0033	0.0684	-11.5524	0.2092	-2.4780
-0.0049	-0.0004	0.0698	-13.7807	1.3565	-0.9636
0.0077	0.0021	0.0695	-14.0468	0.8225	1.5306
0.0150	0.0063	0.0681	-11.2938	-0.7657	2.5662
0.0186	0.0109	0.0666	-9.3365	-2.1012	2.9484
0.0097	0.0068	0.0690	-12.3029	-0.5512	1.7876
0.0026	0.0028	0.0699	-14.3896	0.6299	0.5077
0.0084	0.0121	0.0684	-10.1420	-1.0043	1.4282
0.0143	0.0229	0.0646	-4.1539	-2.7833	1.9076
0.0093	0.0182	0.0670	-6.6902	-1.8189	1.4251
0.0037	0.0089	0.0693	-12.0744	0.0223	0.6364
0.0044	0.0166	0.0679	-8.1107	-0.2927	0.5944
0.0083	0.0233	0.0655	-4.2438	-1.4955	1.0674
0.0124	0.0276	0.0631	-1.9656	-2.3654	1.4226
0.0169	0.0305	0.0607	-0.9820	-3.0327	1.7940
0.0135	0.0347	0.0593	0.4885	-2.3206	1.2482
0.0095	0.0318	0.0616	-0.2945	-1.5435	0.8418
0.0058	0.0277	0.0640	-1.8529	-0.8610	0.5411
0.0027	0.0220	0.0664	-4.6818	-0.0135	0.1978
0.0005	0.0130	0.0688	-10.2879	0.5322	-0.0201
-0.0012	0.0065	0.0697	-12.7340	0.7386	-0.2798
-0.0048	0.0150	0.0682	-8.1724	2.0375	-1.0193
-0.0055	0.0095	0.0691	-10.8557	1.6776	-1.1008
-0.0110	0.0142	0.0677	-8.0692	2.8797	-1.9173
-0.0138	0.0212	0.0653	-4.6571	3.6819	-2.1782
-0.0090	0.0191	0.0667	-5.8981	2.7194	-1.5761
-0.0097	0.0258	0.0644	-2.5683	3.0952	-1.6251
-0.0089	0.0313	0.0620	-0.4161	2.6759	-1.4104
-0.0126	0.0369	0.0581	1.0892	2.8096	-1.5484
-0.0103	0.0410	0.0558	1.9458	2.2295	-1.2815
-0.0071	0.0360	0.0596	1.1861	2.1106	-1.1345
-0.0045	0.0401	0.0572	2.0680	1.3484	-0.7812
-0.0013	0.0435	0.0548	2.6383	0.6101	-0.4224
0.0008	0.0381	0.0587	1.8170	0.3513	-0.2540
-0.0021	0.0341	0.0611	0.6243	1.0202	-0.5490
-0.0042	0.0292	0.0635	-1.0903	1.6289	-0.8233
-0.0053	0.0232	0.0658	-3.8142	2.1161	-1.0547
-0.0018	0.0192	0.0673	-6.4128	1.1598	-0.4994
-0.0003	0.0262	0.0649	-2.4937	0.7991	-0.3319
0.0023	0.0313	0.0625	-0.3323	0.0591	-0.0174
0.0055	0.0353	0.0602	0.9499	-0.6582	0.2992
0.0093	0.0384	0.0578	1.5998	-1.3359	0.6295
0.0135	0.0406	0.0554	1.7669	-1.8348	0.9138
0.0179	0.0420	0.0530	1.7557	-2.3102	1.2371
0.0179	0.0367	0.0569	0.9026	-2.6893	1.4492
0.0225	0.0377	0.0545	0.8231	-2.9010	1.6700
0.0271	0.0380	0.0521	0.4905	-3.1139	2.0169
0.0261	0.0329	0.0560	-0.2756	-3.3497	2.0998
0.0215	0.0322	0.0583	-0.5399	-3.3286	2.0341
0.0192	0.0258	0.0622	-2.6178	-3.1896	2.1282
0.0240	0.0273	0.0598	-2.0746	-3.7451	2.5425
0.0255	0.0222	0.0613	-3.8898	-3.7036	2.9618
0.0203	0.0208	0.0637	-4.7152	-3.2469	2.5669
0.0148	0.0179	0.0660	-6.5450	-2.4151	2.1179
0.0136	0.0126	0.0675	-9.8266	-1.8451	2.3177
0.0202	0.0158	0.0651	-6.7876	-2.8871	2.8051
0.0259	0.0170	0.0628	-5.3995	-3.0555	3.0595
0.0305	0.0224	0.0589	-3.2043	-3.4518	2.9691
0.0352	0.0216	0.0565	-3.1342	-3.1692	3.1619
0.0396	0.0200	0.0541	-2.7655	-2.5279	2.9558
0.0359	0.0158	0.0580	-4.3857	-2.6255	3.4292
0.0311	0.0169	0.0604	-5.0714	-3.1710	3.5027
0.0251	0.0120	0.0642	-7.7667	-2.6539	3.5337
0.0306	0.0117	0.0618	-6.2329	-2.2227	3.5073
0.0355	0.0103	0.0595	-5.4981	-1.7983	3.5902
0.0397	0.0080	0.0571	-4.9269	-1.1943	3.5948
0.0341	0.0051	0.0609	-6.7012	-0.8136	3.8146
0.0291	0.0068	0.0633	-7.4508	-1.2144	3.5502
0.0230	0.0075	0.0657	-9.0201	-1.3389	3.3088
0.0194	0.0035	0.0672	-10.5880	-0.0706	3.0617
0.0137	0.0006	0.0686	-12.6123	1.1465	2.5137
0.0264	0.0026	0.0648	-8.7106	-0.0913	3.5522
0.0317	0.0005	0.0624	-7.8432	0.3123	3.9832
0.0383	0.0025	0.0586	-5.7893	-0.2369	3.7948
0.0434	0.0051	0.0547	-4.1003	-0.5536	3.3025
0.0465	0.0016	0.0523	-3.6167	0.0039	3.2124
0.0527	0.0001	0.0461	-2.6206	0.2401	2.9939
0.0557	0.0030	0.0422	-2.0026	-0.0185	2.6435
0.0582	0.0061	0.0384	-1.6286	-0.1823	2.4985
0.0600	0.0013	0.0360	-1.5347	0.1963	2.5504
0.0620	0.0045	0.0322	-1.2594	0.0246	2.4248
0.0650	0.0027	0.0259	-0.8766	0.1718	2.1774
0.0661	0.0061	0.0221	-0.7566	0.0634	2.2483
0.0672	0.0007	0.0197	-0.6706	0.2846	2.2761
0.0681	0.0042	0.0159	-0.5018	0.1972	2.1023
0.0685	0.0077	0.0120	-0.3657	0.1291	2.0034
0.0693	0.0020	0.0096	-0.2801	0.2887	1.9566
0.0695	0.0056	0.0058	-0.1848	0.2328	1.9990
0.0694	0.0092	0.0019	-0.0782	0.2135	1.7943
0.0686	0.0113	0.0082	-0.2373	0.0902	1.8709
0.0683	0.0149	0.0043	-0.1324	0.0507	1.9217
0.0675	0.0184	0.0005	-0.0178	0.0239	1.6951
0.0657	0.0239	0.0028	-0.0317	-0.1148	1.7020
0.0666	0.0204	0.0067	-0.1411	-0.1302	1.8034
0.0645	0.0257	0.0091	-0.1520	-0.2996	1.9312
0.0634	0.0291	0.0052	-0.0058	-0.2927	1.7070
0.0620	0.0324	0.0014	0.1045	-0.2678	1.6116
0.0591	0.0374	0.0037	0.1518	-0.3931	1.5292
0.0606	0.0342	0.0076	0.0512	-0.4744	1.7265
0.0618	0.0308	0.0114	-0.1018	-0.4475	1.7544
0.0587	0.0356	0.0138	-0.0229	-0.6660	1.8113
0.0573	0.0389	0.0100	0.1493	-0.6396	1.6366
0.0556	0.0420	0.0061	0.2653	-0.5680	1.4896
0.0536	0.0450	0.0023	0.3804	-0.5246	1.4142
0.0518	0.0463	0.0085	0.3884	-0.6986	1.4402
0.0536	0.0433	0.0124	0.2527	-0.7550	1.5456
0.0551	0.0400	0.0162	0.0923	-0.8482	1.7786
0.0512	0.0440	0.0186	0.2705	-0.9969	1.6155
0.0495	0.0472	0.0147	0.4229	-0.9345	1.5731
0.0476	0.0502	0.0109	0.5932	-0.8705	1.4223
0.0496	0.0492	0.0047	0.5145	-0.6462	1.3426
0.0471	0.0517	0.0008	0.5505	-0.5204	1.2123
0.0427	0.0554	0.0032	0.7613	-0.6529	1.1612
0.0452	0.0529	0.0070	0.6883	-0.7490	1.2090
0.0406	0.0563	0.0094	0.8752	-0.8166	1.1106
0.0430	0.0536	0.0133	0.7722	-0.9529	1.3511
0.0381	0.0566	0.0156	1.0167	-1.0082	1.1682
0.0356	0.0591	0.0118	1.0633	-0.8480	1.0419
0.0328	0.0613	0.0079	1.0053	-0.6558	0.9151
0.0379	0.0586	0.0056	0.8706	-0.6616	1.0454
0.0349	0.0606	0.0017	0.9438	-0.5681	0.8764
0.0297	0.0632	0.0041	1.0569	-0.5494	0.8087
0.0265	0.0648	0.0002	1.0620	-0.4375	0.6853
0.0211	0.0667	0.0026	1.1688	-0.3893	0.5101
0.0244	0.0653	0.0065	1.2835	-0.5441	0.6575
0.0188	0.0668	0.0089	1.3851	-0.4548	0.4899
0.0155	0.0681	0.0050	1.3254	-0.3273	0.3597
0.0120	0.0690	0.0012	1.3987	-0.2477	0.2580
0.0063	0.0696	0.0035	1.4669	-0.1363	0.0914
0.0098	0.0689	0.0074	1.5682	-0.2443	0.2069
0.0132	0.0678	0.0112	1.6482	-0.3754	0.3341
0.0075	0.0683	0.0136	1.8227	-0.2273	0.1388
0.0040	0.0692	0.0098	1.5617	-0.0968	0.0440
0.0005	0.0697	0.0059	1.5398	-0.0044	-0.0746
-0.0031	0.0699	0.0021	1.4715	0.0712	-0.2080
-0.0053	0.0693	0.0083	1.6740	0.1597	-0.2727
-0.0017	0.0689	0.0121	1.7244	0.0723	-0.1694
0.0018	0.0681	0.0160	1.8724	-0.0354	-0.0594
-0.0038	0.0674	0.0184	1.8827	0.1716	-0.2409
-0.0073	0.0681	0.0145	1.7932	0.2685	-0.3528
-0.0109	0.0683	0.0107	1.6903	0.3408	-0.4524
-0.0088	0.0693	0.0044	1.5410	0.2197	-0.3599
-0.0124	0.0689	0.0006	1.4465	0.2643	-0.4605
-0.0180	0.0676	0.0030	1.3741	0.3924	-0.6070
-0.0145	0.0681	0.0068	1.5416	0.3800	-0.5218
-0.0199	0.0665	0.0092	1.5954	0.5812	-0.7398
-0.0164	0.0668	0.0131	1.7127	0.5406	-0.6133
-0.0217	0.0647	0.0154	1.6661	0.7562	-0.8335
-0.0253	0.0642	0.0116	1.4502	0.7317	-0.8892
-0.0287	0.0634	0.0077	1.3864	0.7449	-0.9513
-0.0235	0.0657	0.0054	1.3972	0.5666	-0.8133
-0.0269	0.0646	0.0015	1.2585	0.5431	-0.8266
-0.0321	0.0621	0.0039	1.2003	0.6807	-0.9778
-0.0353	0.0604	0.0000	1.1136	0.6514	-1.0681
-0.0401	0.0573	0.0024	1.0989	0.8200	-1.1978
-0.0370	0.0591	0.0063	1.0868	0.8048	-1.1605
-0.0416	0.0556	0.0086	1.0680	1.0038	-1.3187
-0.0446	0.0537	0.0048	0.8930	0.8615	-1.3452
-0.0475	0.0514	0.0009	0.8254	0.7869	-1.3815
-0.0515	0.0473	0.0033	0.7467	0.9264	-1.6295
-0.0488	0.0497	0.0072	0.7913	1.0076	-1.5924
-0.0525	0.0453	0.0096	0.6156	1.0629	-1.6572
-0.0551	0.0429	0.0057	0.5430	0.9203	-1.6757
-0.0574	0.0400	0.0019	0.5260	0.8339	-1.7250
-0.0582	0.0380	0.0081	0.3813	0.9668	-1.7940
-0.0557	0.0406	0.0119	0.4389	1.1496	-1.8644
-0.0585	0.0356	0.0143	0.2275	1.1637	-1.9634
-0.0609	0.0329	0.0105	0.2096	0.9685	-1.8269
-0.0604	0.0351	0.0042	0.3702	0.8470	-1.7502
-0.0622	0.0321	0.0004	0.3617	0.7218	-1.7228
-0.0646	0.0268	0.0028	0.2363	0.7669	-1.9045
-0.0629	0.0300	0.0066	0.2244	0.8704	-1.8146
-0.0649	0.0245	0.0090	0.0365	0.8225	-1.9810
-0.0665	0.0213	0.0052	0.0790	0.7002	-1.8814
-0.0676	0.0180	0.0013	0.1300	0.6228	-1.8640
-0.0688	0.0123	0.0037	-0.0107	0.5204	-1.9366
-0.0678	0.0158	0.0075	-0.0789	0.6080	-1.9859
-0.0664	0.0190	0.0114	-0.1251	0.7459	-1.9792
-0.0673	0.0134	0.0138	-0.3302	0.6092	-2.2116
-0.0686	0.0100	0.0099	-0.2394	0.5088	-2.1724
-0.0694	0.0066	0.0061	-0.1257	0.4550	-1.9348
-0.0699	0.0031	0.0022	-0.0485	0.3798	-2.0575
-0.0695	0.0008	0.0084	-0.2579	0.3167	-2.1565
-0.0688	0.0043	0.0123	-0.3434	0.3969	-2.0621
-0.0677	0.0077	0.0161	-0.4423	0.4692	-2.0787
-0.0675	0.0021	0.0185	-0.6292	0.3529	-2.3330
-0.0661	0.0054	0.0224	-0.7248	0.4326	-2.2478
-0.0662	0.0111	0.0200	-0.5335	0.6322	-2.1164
-0.0643	0.0141	0.0238	-0.7018	0.7679	-2.3477
-0.0620	0.0170	0.0277	-0.7864	0.9889	-2.3672
-0.0594	0.0195	0.0315	-0.9183	1.2452	-2.4991
-0.0563	0.0218	0.0354	-1.0609	1.4411	-2.5782
-0.0529	0.0237	0.0392	-1.1097	1.7881	-2.5756
-0.0492	0.0250	0.0431	-1.1773	2.0415	-2.5298
-0.0450	0.0259	0.0469	-1.4354	2.5792	-2.7991
-0.0444	0.0307	0.0446	-0.8476	2.6656	-2.6833
-0.0484	0.0300	0.0407	-0.7108	2.1022	-2.3946
-0.0522	0.0287	0.0369	-0.6271	1.7853	-2.2761
-0.0555	0.0270	0.0330	-0.5954	1.5258	-2.2484
-0.0586	0.0249	0.0292	-0.5093	1.3313	-2.1591
-0.0613	0.0223	0.0253	-0.4870	1.1043	-2.1548
-0.0637	0.0196	0.0215	-0.4462	0.9471	-2.1892
-0.0657	0.0166	0.0176	-0.3922	0.7689	-2.1884
-0.0646	0.0221	0.0152	-0.2052	0.8591	-2.1203
-0.0630	0.0277	0.0128	0.0332	0.9822	-1.9527
-0.0608	0.0304	0.0167	0.0121	1.0985	-1.9587
-0.0625	0.0251	0.0191	-0.2530	0.9898	-2.1328
-0.0600	0.0277	0.0229	-0.2379	1.1857	-2.0577
-0.0573	0.0301	0.0268	-0.2757	1.3605	-2.1173
-0.0542	0.0320	0.0306	-0.2766	1.5754	-2.1381
-0.0507	0.0337	0.0345	-0.2554	1.9517	-2.2840
-0.0471	0.0348	0.0383	-0.2305	2.1274	-2.2170
-0.0432	0.0355	0.0422	-0.3768	2.5355	-2.5176
-0.0413	0.0401	0.0398	0.1865	2.4385	-2.2663
-0.0452	0.0396	0.0359	0.1461	2.1287	-2.1592
-0.0488	0.0386	0.0321	0.0854	1.8239	-2.0612
-0.0522	0.0371	0.0282	0.0541	1.6667	-2.0891
-0.0554	0.0352	0.0244	-0.0129	1.4506	-2.1193
-0.0582	0.0330	0.0205	-0.0048	1.2650	-2.0421
-0.0558	0.0381	0.0182	0.2223	1.2622	-1.9639
-0.0529	0.0402	0.0220	0.2956	1.4371	-1.9120
-0.0498	0.0419	0.0259	0.3383	1.5649	-1.8846
-0.0464	0.0432	0.0297	0.4216	1.7767	-1.9267
-0.0427	0.0442	0.0336	0.5039	2.0103	-2.0062
-0.0389	0.0446	0.0374	0.6992	2.1822	-1.8735
-0.0350	0.0444	0.0413	0.7993	2.4208	-1.9295
-0.0309	0.0437	0.0451	0.9406	2.8197	-2.0851
-0.0281	0.0478	0.0427	1.5668	2.4838	-1.7446
-0.0320	0.0486	0.0389	1.3178	2.3256	-1.8200
-0.0360	0.0488	0.0350	0.9981	2.0123	-1.7774
-0.0397	0.0485	0.0312	0.9138	1.8533	-1.7187
-0.0433	0.0477	0.0273	0.7404	1.7070	-1.8082
-0.0468	0.0465	0.0235	0.6538	1.6067	-1.8765
-0.0500	0.0449	0.0196	0.5683	1.3873	-1.7229
-0.0530	0.0429	0.0158	0.4804	1.2781	-1.8623
-0.0497	0.0475	0.0134	0.6735	1.1600	-1.6120
-0.0465	0.0494	0.0173	0.7399	1.2779	-1.6616
-0.0458	0.0518	0.0110	0.8380	1.0500	-1.4493
-0.0427	0.0535	0.0149	0.9426	1.1583	-1.4585
-0.0384	0.0572	0.0125	1.0833	1.0143	-1.3103
-0.0350	0.0584	0.0163	1.2246	1.0764	-1.2274
-0.0337	0.0605	0.0101	1.2035	0.8612	-1.1447
-0.0303	0.0615	0.0140	1.3801	0.9278	-1.0956
-0.0268	0.0622	0.0178	1.4887	0.9409	-1.0464
-0.0315	0.0592	0.0202	1.4614	1.2050	-1.2538
-0.0279	0.0595	0.0240	1.5297	1.1817	-1.1516
-0.0243	0.0594	0.0279	1.8787	1.2705	-1.0738
-0.0205	0.0589	0.0317	2.1030	1.2919	-1.0385
-0.0169	0.0579	0.0356	2.3117	1.2874	-0.9938
-0.0134	0.0563	0.0394	2.4571	1.2266	-0.9145
-0.0100	0.0541	0.0433	2.6356	1.1098	-0.7761
-0.0068	0.0513	0.0471	2.7396	0.9747	-0.6665
-0.0026	0.0538	0.0448	2.8439	0.4623	-0.3882
-0.0057	0.0565	0.0409	2.7168	0.6568	-0.5312
-0.0089	0.0587	0.0371	2.6511	0.7985	-0.6260
-0.0124	0.0604	0.0332	2.3025	0.8557	-0.6960
-0.0159	0.0615	0.0294	2.0839	0.9284	-0.8160
-0.0195	0.0622	0.0255	1.8721	0.9470	-0.8784
-0.0232	0.0624	0.0217	1.7094	0.9829	-0.9998
-0.0181	0.0648	0.0193	1.8773	0.7455	-0.7441
-0.0128	0.0667	0.0169	1.7355	0.4653	-0.5169
-0.0093	0.0662	0.0208	1.9163	0.4191	-0.4822
-0.0145	0.0644	0.0231	1.8979	0.6768	-0.6939
-0.0110	0.0637	0.0270	2.1317	0.6014	-0.5530
-0.0075	0.0624	0.0308	2.2491	0.5148	-0.4956
-0.0041	0.0607	0.0347	2.4409	0.3762	-0.3663
-0.0010	0.0584	0.0385	2.6351	0.2151	-0.2571
0.0019	0.0557	0.0424	2.8923	-0.0072	-0.1192
0.0045	0.0524	0.0462	3.0038	-0.3001	0.0500
0.0066	0.0485	0.0501	2.7935	-0.6010	0.2113
0.0111	0.0500	0.0477	2.6078	-1.0541	0.4974
0.0091	0.0538	0.0439	2.7054	-0.7238	0.3265
0.0067	0.0571	0.0400	2.6079	-0.4140	0.1548
0.0039	0.0598	0.0362	2.5768	-0.1775	0.0143
0.0009	0.0621	0.0323	2.5420	0.0315	-0.1304
-0.0023	0.0639	0.0285	2.3194	0.1923	-0.2408
-0.0057	0.0653	0.0246	2.0497	0.3175	-0.3636
-0.0003	0.0664	0.0222	1.9501	0.0569	-0.1394
0.0030	0.0649	0.0261	2.0899	-0.0898	-0.0154
0.0061	0.0630	0.0299	2.2487	-0.2654	0.0978
0.0091	0.0606	0.0338	2.3837	-0.4925	0.2454
0.0117	0.0579	0.0376	2.3914	-0.7580	0.4235
0.0140	0.0546	0.0415	2.5415	-1.0806	0.5677
0.0158	0.0509	0.0453	2.5214	-1.4780	0.7802
0.0207	0.0513	0.0429	2.2610	-1.7505	0.9991
0.0190	0.0549	0.0391	2.1325	-1.3032	0.7940
0.0168	0.0581	0.0352	2.1801	-1.0094	0.6232
0.0143	0.0609	0.0314	2.1775	-0.7633	0.4885
0.0115	0.0633	0.0275	2.2181	-0.5491	0.3367
0.0084	0.0653	0.0237	2.0873	-0.3429	0.2010
0.0052	0.0669	0.0198	1.9540	-0.1715	0.0665
0.0108	0.0669	0.0175	1.8763	-0.3712	0.2606
0.0140	0.0652	0.0213	1.8472	-0.5291	0.4070
0.0169	0.0631	0.0252	1.8986	-0.7174	0.5204
0.0196	0.0606	0.0290	1.9786	-0.9678	0.6817
0.0220	0.0577	0.0329	1.9204	-1.2083	0.8353
0.0241	0.0545	0.0367	1.8428	-1.5208	1.0512
0.0257	0.0509	0.0406	1.8123	-1.8907	1.2277
0.0268	0.0470	0.0444	1.5789	-2.2223	1.4003
0.0316	0.0462	0.0420	1.1325	-2.1910	1.5550
0.0306	0.0500	0.0382	1.3082	-1.8694	1.3997
0.0292	0.0536	0.0343	1.5057	-1.6154	1.2427
0.0272	0.0568	0.0305	1.5707	-1.3121	1.0414
0.0250	0.0597	0.0266	1.6412	-1.0660	0.8518
0.0224	0.0623	0.0228	1.6639	-0.8745	0.7555
0.0195	0.0645	0.0189	1.6978	-0.6824	0.5743
0.0164	0.0664	0.0151	1.5735	-0.4901	0.4416
0.0220	0.0652	0.0127	1.4966	-0.6237	0.6084
0.0250	0.0632	0.0166	1.4618	-0.7772	0.7602
0.0275	0.0635	0.0103	1.2781	-0.6790	0.7766
0.0304	0.0614	0.0142	1.1822	-0.7825	0.8585
0.0330	0.0590	0.0180	1.1653	-0.9569	0.9973
0.0278	0.0609	0.0204	1.5087	-0.9978	0.9262
0.0302	0.0583	0.0243	1.3289	-1.1434	1.0905
0.0324	0.0553	0.0281	1.2482	-1.3766	1.2705
0.0342	0.0521	0.0320	1.2471	-1.6593	1.3700
0.0355	0.0485	0.0358	0.9930	-1.8560	1.5305
0.0364	0.0447	0.0397	0.7979	-2.1490	1.6917
0.0367	0.0407	0.0435	0.5550	-2.5196	1.8886
0.0364	0.0365	0.0474	0.1082	-2.8309	2.0963
0.0354	0.0320	0.0512	-0.8078	-3.0843	2.4857
0.0399	0.0304	0.0488	-0.9137	-2.7873	2.4829
0.0409	0.0347	0.0450	-0.3388	-2.5232	2.2534
0.0413	0.0388	0.0411	0.1472	-2.4116	2.1261
0.0411	0.0427	0.0373	0.3802	-1.9904	1.8623
0.0403	0.0465	0.0334	0.7079	-1.7876	1.6308
0.0391	0.0500	0.0296	0.9307	-1.6203	1.5088
0.0374	0.0533	0.0257	1.0680	-1.3658	1.2746
0.0354	0.0563	0.0219	1.0992	-1.1339	1.1385
0.0404	0.0538	0.0195	0.9375	-1.1725	1.2923
0.0451	0.0507	0.0171	0.7030	-1.0924	1.3854
0.0469	0.0476	0.0210	0.4789	-1.1822	1.6120
0.0423	0.0507	0.0233	0.7616	-1.3002	1.4438
0.0438	0.0474	0.0272	0.5707	-1.4423	1.5927
0.0449	0.0438	0.0310	0.4105	-1.6427	1.7256
0.0455	0.0401	0.0349	0.0777	-1.8619	2.0395
0.0456	0.0363	0.0387	-0.2189	-1.9985	2.1280
0.0452	0.0323	0.0426	-0.6434	-2.2155	2.3623
0.0441	0.0282	0.0464	-1.2004	-2.4345	2.6194
0.0481	0.0254	0.0441	-1.3586	-2.0146	2.6451
0.0492	0.0293	0.0402	-0.8477	-1.8522	2.3890
0.0497	0.0332	0.0364	-0.4082	-1.6936	2.1050
0.0497	0.0370	0.0325	-0.2123	-1.5757	2.1178
0.0492	0.0407	0.0287	0.1686	-1.4733	1.8022
0.0483	0.0442	0.0248	0.3668	-1.3461	1.6862
0.0524	0.0406	0.0224	0.1561	-1.1566	1.7292
0.0532	0.0371	0.0263	-0.0822	-1.2133	1.8770
0.0536	0.0334	0.0301	-0.3044	-1.3140	1.9982
0.0535	0.0297	0.0340	-0.6116	-1.3506	2.1415
0.0529	0.0259	0.0378	-1.0725	-1.4355	2.4811
0.0517	0.0221	0.0417	-1.4407	-1.4846	2.5742
0.0499	0.0184	0.0455	-2.0604	-1.5183	2.8699
0.0474	0.0147	0.0494	-2.6121	-1.5070	2.9552
0.0506	0.0113	0.0470	-2.3746	-0.9152	2.7775
0.0531	0.0147	0.0432	-2.0176	-1.0650	2.8463
0.0550	0.0183	0.0393	-1.4615	-1.0651	2.5390
0.0562	0.0220	0.0355	-1.0469	-1.1087	2.3467
0.0569	0.0257	0.0316	-0.7807	-1.0941	2.2947
0.0572	0.0294	0.0278	-0.5018	-1.0529	2.1471
0.0569	0.0330	0.0239	-0.2434	-0.9590	1.9035
0.0562	0.0366	0.0201	-0.0409	-0.9169	1.7862
0.0596	0.0321	0.0177	-0.1471	-0.7378	1.8361
0.0602	0.0285	0.0215	-0.3576	-0.7314	1.9694
0.0603	0.0249	0.0254	-0.5485	-0.7159	2.0065
0.0600	0.0213	0.0292	-0.7909	-0.7366	2.1579
0.0591	0.0176	0.0331	-1.0533	-0.6843	2.2470
0.0616	0.0129	0.0307	-1.0879	-0.3900	2.3462
0.0625	0.0165	0.0268	-0.7979	-0.4372	2.1266
0.0630	0.0201	0.0230	-0.6225	-0.5017	2.1434
0.0630	0.0237	0.0191	-0.4002	-0.5065	1.9454
0.0626	0.0273	0.0153	-0.2420	-0.4990	1.8816
0.0651	0.0222	0.0129	-0.2787	-0.2768	1.8814
0.0654	0.0186	0.0168	-0.4240	-0.2679	1.9501
0.0671	0.0168	0.0105	-0.2677	-0.0815	1.8349
0.0672	0.0133	0.0144	-0.4160	-0.0594	1.9983
0.0669	0.0097	0.0182	-0.5767	-0.0162	2.1241
0.0652	0.0150	0.0206	-0.6381	-0.2551	2.2032
0.0646	0.0114	0.0245	-0.8259	-0.1802	2.2640
0.0635	0.0079	0.0283	-0.9729	-0.0880	2.2074
0.0601	0.0095	0.0345	-1.4283	-0.2946	2.5674
0.0578	0.0140	0.0369	-1.3844	-0.6933	2.4299
0.0559	0.0106	0.0408	-1.8870	-0.6149	2.7465
0.0534	0.0073	0.0446	-2.3906	-0.4819	2.9410
0.0503	0.0043	0.0485	-2.9026	-0.2868	3.0381
0.0474	0.0080	0.0509	-3.2184	-0.8269	3.1325
0.0440	0.0113	0.0532	-3.3817	-1.3555	3.0840
0.0402	0.0139	0.0556	-3.8581	-1.9811	3.2817
0.0437	0.0177	0.0518	-2.9248	-2.0926	3.1822
0.0463	0.0215	0.0479	-1.9868	-2.0687	2.8475
0.0423	0.0241	0.0503	-1.9013	-2.5334	2.8134
0.0380	0.0261	0.0527	-1.7163	-2.9653	2.7059
0.0335	0.0273	0.0551	-1.6929	-3.4711	2.7517
0.0288	0.0277	0.0574	-1.6555	-3.5290	2.5362
0.0308	0.0328	0.0536	-0.5838	-3.3750	2.4046
0.0318	0.0376	0.0497	0.3120	-2.9585	2.0361
0.0321	0.0420	0.0459	0.9300	-2.7105	1.8332
0.0273	0.0427	0.0483	1.1168	-2.5643	1.6377
0.0226	0.0427	0.0506	1.4684	-2.4879	1.4442
0.0219	0.0472	0.0468	1.9195	-2.0641	1.1823
0.0172	0.0468	0.0492	2.2698	-1.8418	0.9576
0.0126	0.0456	0.0516	2.3791	-1.5038	0.7488
0.0083	0.0438	0.0539	2.5741	-0.9899	0.4085
0.0043	0.0414	0.0563	2.2865	-0.3813	0.1038
0.0025	0.0463	0.0525	2.9513	-0.0370	-0.1065
0.0001	0.0504	0.0486	2.8942	0.2420	-0.2575
-0.0038	0.0478	0.0510	2.7296	0.8401	-0.5816
-0.0073	0.0447	0.0534	2.5994	1.4781	-0.8794
-0.0105	0.0483	0.0495	2.5038	1.6307	-1.0588
-0.0137	0.0449	0.0519	2.2823	2.2423	-1.3365
-0.0139	0.0512	0.0457	2.4425	1.6128	-1.0638
-0.0174	0.0534	0.0418	2.2070	1.6596	-1.1969
-0.0211	0.0549	0.0380	1.9551	1.6032	-1.2329
-0.0249	0.0558	0.0341	1.8648	1.5958	-1.2523
-0.0286	0.0563	0.0303	1.5946	1.5478	-1.3732
-0.0322	0.0562	0.0264	1.3458	1.4406	-1.4258
-0.0359	0.0557	0.0226	1.2683	1.3814	-1.3919
-0.0394	0.0548	0.0187	1.0319	1.2644	-1.5291
-0.0433	0.0508	0.0211	0.8558	1.3787	-1.5660
-0.0398	0.0519	0.0250	0.9924	1.5595	-1.6589
-0.0362	0.0525	0.0288	1.2826	1.7073	-1.4994
-0.0324	0.0527	0.0327	1.3557	1.8097	-1.5754
-0.0287	0.0524	0.0365	1.5470	1.8712	-1.4701
-0.0249	0.0515	0.0404	1.8433	2.0386	-1.4645
-0.0211	0.0500	0.0442	2.0565	2.1258	-1.4219
-0.0173	0.0479	0.0481	2.2103	2.2159	-1.4102
-0.0203	0.0441	0.0504	1.7596	2.8402	-1.7756
-0.0242	0.0463	0.0466	1.6026	2.5274	-1.6794
-0.0267	0.0423	0.0490	1.0958	2.9290	-1.9310
-0.0287	0.0379	0.0513	0.4612	3.4283	-2.2760
-0.0331	0.0394	0.0475	0.3759	3.0825	-2.2947
-0.0373	0.0401	0.0436	0.3914	2.7415	-2.1843
-0.0390	0.0355	0.0460	-0.2449	2.8072	-2.3725
-0.0401	0.0309	0.0484	-0.8737	2.8964	-2.5692
-0.0404	0.0262	0.0508	-1.6429	2.9298	-2.8182
-0.0402	0.0214	0.0532	-2.4320	2.8176	-2.9742
-0.0450	0.0212	0.0493	-2.1890	2.4037	-3.0262
-0.0492	0.0202	0.0455	-1.7276	1.9889	-2.7552
-0.0531	0.0187	0.0416	-1.5693	1.5674	-2.7059
-0.0527	0.0137	0.0440	-2.0224	1.3324	-2.8376
-0.0562	0.0116	0.0401	-1.7727	1.0187	-2.7752
-0.0565	0.0166	0.0378	-1.3646	1.2692	-2.6022
-0.0595	0.0143	0.0339	-1.1202	0.9594	-2.3711
-0.0592	0.0092	0.0363	-1.4658	0.7519	-2.5787
-0.0621	0.0116	0.0301	-0.9783	0.7589	-2.3149
-0.0643	0.0086	0.0262	-0.9130	0.5724	-2.4284
-0.0638	0.0032	0.0286	-1.0080	0.3733	-2.2917
-0.0617	0.0063	0.0324	-1.2988	0.5223	-2.5715
-0.0607	0.0012	0.0348	-1.4015	0.2628	-2.4525
-0.0582	0.0041	0.0387	-1.7464	0.4725	-2.6778
-0.0552	0.0068	0.0425	-2.0470	0.6986	-2.7678
-0.0537	0.0021	0.0449	-2.3072	0.2996	-2.7711
-0.0500	0.0045	0.0488	-2.7416	0.5622	-2.8645
-0.0478	0.0003	0.0511	-3.5320	0.0857	-3.3022
-0.0432	0.0025	0.0550	-4.1418	0.4028	-3.2757
-0.0457	0.0065	0.0526	-3.6563	0.9435	-3.2946
-0.0517	0.0090	0.0464	-2.4886	1.0173	-2.9697
-0.0475	0.0108	0.0502	-3.0351	1.3496	-3.1634
-0.0487	0.0154	0.0478	-2.2942	1.7037	-2.8837
-0.0442	0.0165	0.0517	-2.7118	2.1128	-2.9950
-0.0428	0.0120	0.0541	-3.6541	1.7793	-3.2873
-0.0406	0.0079	0.0565	-4.3428	1.2766	-3.3032
-0.0377	0.0042	0.0588	-5.5318	0.8061	-3.6019
-0.0339	0.0009	0.0612	-6.8848	0.1248	-3.8184
-0.0308	0.0050	0.0627	-7.3890	1.1658	-3.7182
-0.0257	0.0020	0.0651	-9.2606	0.5257	-3.6791
-0.0122	0.0016	0.0689	-13.0763	0.6436	-2.3246
-0.0213	0.0046	0.0665	-10.2318	1.3480	-3.3623
-0.0156	0.0056	0.0680	-10.9392	1.6414	-2.6466
-0.0222	0.0101	0.0656	-8.4968	2.7685	-3.2953
-0.0262	0.0147	0.0632	-6.6042	3.6329	-3.5757
-0.0306	0.0121	0.0618	-6.4254	2.8334	-3.7390
-0.0268	0.0081	0.0642	-7.8050	2.0988	-3.5259
-0.0345	0.0085	0.0603	-5.7825	1.7768	-3.5593
-0.0372	0.0126	0.0579	-4.6557	2.2700	-3.4864
-0.0391	0.0169	0.0555	-3.5091	2.6551	-3.2791
-0.0332	0.0164	0.0594	-4.3196	3.0230	-3.2504
-0.0348	0.0210	0.0570	-3.0944	3.3182	-3.1079
-0.0355	0.0256	0.0546	-2.1470	3.6385	-3.0991
-0.0354	0.0302	0.0523	-1.0376	3.3964	-2.6692
-0.0345	0.0349	0.0499	-0.1533	3.3024	-2.4177
-0.0299	0.0335	0.0537	-0.4538	3.5960	-2.4916
-0.0304	0.0288	0.0561	-1.6904	3.9716	-2.9550
-0.0300	0.0240	0.0585	-2.7681	3.9596	-3.0488
-0.0287	0.0193	0.0609	-4.2465	3.7511	-3.1916
-0.0213	0.0160	0.0647	-6.4802	3.7657	-3.0693
-0.0238	0.0212	0.0623	-4.4806	4.3934	-3.2020
-0.0249	0.0262	0.0600	-2.4200	4.2189	-2.8464
-0.0250	0.0310	0.0576	-0.9459	4.0837	-2.6081
-0.0241	0.0356	0.0552	0.2211	3.6767	-2.2777
-0.0226	0.0400	0.0528	1.1614	3.1891	-1.9210
-0.0163	0.0411	0.0543	1.4953	2.8829	-1.7306
-0.0183	0.0368	0.0567	0.7240	3.2796	-1.8942
-0.0140	0.0323	0.0605	-0.2112	3.2062	-1.7582
-0.0146	0.0271	0.0629	-2.1854	3.8598	-2.1667
-0.0195	0.0322	0.0590	-0.5064	3.8299	-2.2532
-0.0197	0.0272	0.0614	-2.0269	4.1106	-2.4696
-0.0188	0.0218	0.0638	-4.0396	3.9902	-2.5541
-0.0162	0.0160	0.0662	-7.2655	3.8139	-2.7034
-0.0108	0.0090	0.0686	-10.7190	2.3838	-2.0072
-0.0169	0.0106	0.0671	-9.0754	2.9151	-2.7454
-0.0076	0.0039	0.0695	-12.8896	1.4003	-1.4885
0.0046	-0.0036	0.0698	-13.7288	1.9040	1.0119
0.0134	-0.0077	0.0683	-10.9161	2.5750	2.4251
0.0194	-0.0134	0.0659	-7.3543	3.6372	2.9062
0.0228	-0.0186	0.0635	-5.0069	4.2057	3.0267
0.0245	-0.0237	0.0611	-3.1349	4.5160	3.0049
0.0251	-0.0286	0.0588	-1.2263	4.1301	2.5339
0.0194	-0.0246	0.0626	-3.0141	4.2821	2.6137
0.0197	-0.0297	0.0602	-0.9325	3.8200	2.1895
0.0247	-0.0333	0.0564	0.0695	4.1131	2.4019
0.0294	-0.0358	0.0525	0.3835	3.6156	2.2462
0.0303	-0.0311	0.0549	-0.4956	3.9957	2.5379
0.0303	-0.0264	0.0573	-1.9522	4.4458	3.0845
0.0295	-0.0217	0.0597	-3.2812	4.3252	3.1938
0.0353	-0.0232	0.0558	-2.1341	3.8131	2.9360
0.0341	-0.0187	0.0582	-3.5287	3.7094	3.2584
0.0276	-0.0170	0.0621	-4.8291	3.9742	3.2334
0.0244	-0.0124	0.0644	-7.3861	3.7690	3.5198
0.0320	-0.0143	0.0606	-5.3456	3.6616	3.6882
0.0289	-0.0101	0.0630	-6.7084	3.1058	3.5738
0.0243	-0.0063	0.0653	-8.5867	2.4528	3.4287
0.0193	-0.0079	0.0668	-9.6701	2.9575	3.1463
0.0101	-0.0032	0.0692	-12.9365	1.4549	1.9556
0.0174	-0.0030	0.0677	-10.9687	1.6891	2.9007
0.0226	-0.0008	0.0663	-9.6969	1.0468	3.3176
0.0284	-0.0034	0.0639	-7.9018	1.6798	3.6072
0.0328	-0.0067	0.0615	-6.4202	2.2610	3.6676
0.0360	-0.0105	0.0591	-4.9641	2.7668	3.5138
0.0383	-0.0147	0.0567	-3.8713	3.2037	3.4422
0.0397	-0.0192	0.0544	-2.8397	3.4558	3.2954
0.0447	-0.0188	0.0505	-2.1004	2.7879	2.8948
0.0491	-0.0178	0.0467	-1.8918	2.3961	2.9017
0.0530	-0.0162	0.0428	-1.5195	1.9760	2.6275
0.0522	-0.0114	0.0452	-2.0806	1.8138	2.8628
0.0467	-0.0086	0.0514	-3.1846	1.8030	3.1952
0.0482	-0.0131	0.0490	-2.3136	2.0919	2.8331
0.0436	-0.0142	0.0529	-3.0929	2.7622	3.2934
0.0418	-0.0100	0.0553	-3.7054	2.3002	3.2164
0.0393	-0.0059	0.0576	-4.9363	1.8605	3.5536
0.0359	-0.0024	0.0600	-5.9504	1.2816	3.6137
0.0418	-0.0007	0.0562	-4.8426	0.9281	3.6118
0.0446	-0.0044	0.0538	-3.7781	1.4115	3.2467
0.0490	-0.0024	0.0499	-3.1364	1.0700	3.1277
0.0509	-0.0067	0.0476	-2.4608	1.4685	2.8417
0.0545	-0.0044	0.0437	-1.9909	1.0954	2.5914
0.0575	-0.0017	0.0399	-1.7091	0.9000	2.5038
0.0587	-0.0066	0.0375	-1.3549	1.1430	2.3242
0.0558	-0.0091	0.0413	-1.7515	1.4788	2.6891
0.0564	-0.0142	0.0390	-1.2492	1.7183	2.4342
0.0594	-0.0117	0.0351	-1.0226	1.4078	2.1986
0.0620	-0.0089	0.0313	-0.8633	1.2007	2.0554
0.0613	-0.0037	0.0336	-1.2345	1.0205	2.3625
0.0633	-0.0006	0.0298	-0.9796	0.8270	2.0989
0.0641	-0.0059	0.0274	-0.7639	1.0321	2.0116
0.0659	-0.0028	0.0236	-0.6673	0.9082	1.9725
0.0662	-0.0082	0.0212	-0.4521	1.1103	1.8457
0.0644	-0.0114	0.0250	-0.5484	1.2883	1.9950
0.0622	-0.0142	0.0289	-0.6442	1.4056	2.0800
0.0595	-0.0170	0.0327	-0.7709	1.6302	2.2465
0.0565	-0.0192	0.0366	-0.8797	1.9231	2.3702
0.0531	-0.0211	0.0404	-1.0486	2.1223	2.4870
0.0493	-0.0227	0.0443	-1.0757	2.5530	2.5036
0.0451	-0.0236	0.0481	-1.4876	3.0537	2.8871
0.0404	-0.0238	0.0520	-1.7766	3.4936	2.9811
0.0404	-0.0285	0.0496	-0.9209	3.3318	2.6628
0.0355	-0.0280	0.0534	-1.1490	3.7425	2.7218
0.0351	-0.0326	0.0511	-0.2991	3.6827	2.5563
0.0339	-0.0371	0.0487	0.5103	3.3169	2.1747
0.0382	-0.0378	0.0448	0.4193	3.0510	2.2158
0.0396	-0.0332	0.0472	-0.1580	3.3957	2.5212
0.0423	-0.0378	0.0410	0.5307	2.7967	2.0331
0.0402	-0.0424	0.0386	0.9408	2.7004	1.9833
0.0362	-0.0423	0.0425	1.1018	2.9989	2.0447
0.0320	-0.0416	0.0463	1.2470	3.1097	1.9309
0.0278	-0.0401	0.0502	1.1800	3.2229	1.9255
0.0235	-0.0378	0.0540	0.9485	3.5876	2.1022
0.0215	-0.0421	0.0516	1.9700	2.9902	1.6207
0.0189	-0.0460	0.0492	2.3217	2.4036	1.3565
0.0157	-0.0496	0.0469	2.6792	1.8028	1.0077
0.0120	-0.0527	0.0445	3.0415	1.2515	0.6640
0.0087	-0.0499	0.0483	2.9842	1.0225	0.5177
0.0057	-0.0463	0.0522	2.8624	0.7724	0.3735
0.0019	-0.0491	0.0498	3.1942	0.1800	0.0565
-0.0005	-0.0450	0.0537	2.9469	-0.2019	-0.1390
-0.0045	-0.0474	0.0513	2.9437	-0.7274	-0.4155
-0.0089	-0.0493	0.0489	2.6718	-1.1463	-0.6710
-0.0067	-0.0532	0.0450	2.8763	-0.7394	-0.4439
-0.0022	-0.0514	0.0474	3.1075	-0.3163	-0.1959
-0.0042	-0.0564	0.0412	2.7824	-0.4040	-0.2669
-0.0091	-0.0575	0.0388	2.5496	-0.7325	-0.4871
-0.0115	-0.0543	0.0427	2.7698	-1.1004	-0.6511
-0.0135	-0.0506	0.0465	2.4930	-1.4416	-0.8459
-0.0149	-0.0463	0.0504	2.3650	-1.9543	-1.0983
-0.0196	-0.0471	0.0480	1.8956	-2.1382	-1.3231
-0.0203	-0.0425	0.0518	1.3826	-2.5918	-1.5831
-0.0244	-0.0472	0.0456	1.6700	-2.2145	-1.3998
-0.0249	-0.0428	0.0495	1.2515	-2.5653	-1.5904
-0.0248	-0.0380	0.0533	0.5124	-2.9511	-1.8628
-0.0295	-0.0379	0.0509	0.3234	-3.0757	-2.1013
-0.0341	-0.0371	0.0485	0.1195	-2.7473	-2.0167
-0.0332	-0.0325	0.0524	-0.6462	-2.9937	-2.2648
-0.0377	-0.0313	0.0500	-0.8293	-2.5635	-2.2284
-0.0358	-0.0268	0.0539	-1.7983	-2.9634	-2.6683
-0.0402	-0.0251	0.0515	-1.7928	-2.4256	-2.5845
-0.0443	-0.0229	0.0491	-1.7674	-1.8801	-2.4714
-0.0462	-0.0269	0.0453	-1.3018	-1.8105	-2.4022
-0.0420	-0.0294	0.0476	-1.1264	-2.3738	-2.4599
-0.0472	-0.0309	0.0414	-0.6927	-1.6535	-2.0245
-0.0511	-0.0276	0.0390	-0.9890	-1.2665	-2.1927
-0.0499	-0.0238	0.0429	-1.2858	-1.2987	-2.2194
-0.0481	-0.0200	0.0467	-1.7891	-1.4359	-2.4585
-0.0456	-0.0163	0.0506	-2.4916	-1.4432	-2.7103
-0.0422	-0.0127	0.0544	-3.3869	-1.4187	-2.9540
-0.0458	-0.0097	0.0520	-3.1478	-0.8364	-2.9258
-0.0491	-0.0131	0.0482	-2.5069	-0.9484	-2.8089
-0.0516	-0.0166	0.0443	-1.8503	-0.9408	-2.5029
-0.0534	-0.0203	0.0405	-1.3854	-0.9002	-2.2764
-0.0546	-0.0240	0.0366	-0.9648	-0.8447	-1.9903
-0.0553	-0.0277	0.0328	-0.6915	-0.7558	-1.8039
-0.0555	-0.0314	0.0289	-0.4557	-0.7296	-1.6647
-0.0551	-0.0351	0.0251	-0.2937	-0.6904	-1.6109
-0.0544	-0.0386	0.0212	-0.1202	-0.6130	-1.4222
-0.0580	-0.0344	0.0189	-0.2490	-0.3640	-1.4294
-0.0586	-0.0308	0.0227	-0.4091	-0.4122	-1.6138
-0.0588	-0.0272	0.0266	-0.5401	-0.4299	-1.6351
-0.0585	-0.0235	0.0304	-0.7607	-0.4763	-1.8316
-0.0577	-0.0199	0.0343	-0.9819	-0.4731	-1.9281
-0.0564	-0.0162	0.0381	-1.3177	-0.4904	-2.1595
-0.0546	-0.0127	0.0420	-1.6636	-0.4527	-2.3006
-0.0521	-0.0094	0.0458	-2.2063	-0.4111	-2.5927
-0.0547	-0.0052	0.0434	-1.9706	0.0673	-2.4716
-0.0571	-0.0084	0.0396	-1.5616	-0.0147	-2.2560
-0.0590	-0.0118	0.0357	-1.3102	-0.1005	-2.1971
-0.0604	-0.0153	0.0319	-1.0427	-0.1351	-2.0400
-0.0626	-0.0105	0.0295	-0.9308	0.1846	-1.9095
-0.0643	-0.0054	0.0271	-0.7961	0.4482	-1.7980
-0.0654	-0.0088	0.0233	-0.6694	0.3798	-1.7373
-0.0661	-0.0124	0.0194	-0.5370	0.3709	-1.5912
-0.0642	-0.0176	0.0218	-0.5756	0.1129	-1.6029
-0.0636	-0.0140	0.0257	-0.7881	0.1278	-1.8843
-0.0613	-0.0190	0.0280	-0.8055	-0.1448	-1.8583
-0.0617	-0.0226	0.0242	-0.6285	-0.1650	-1.7574
-0.0617	-0.0262	0.0203	-0.4731	-0.1707	-1.6538
-0.0642	-0.0212	0.0180	-0.4772	0.0993	-1.5902
-0.0639	-0.0248	0.0141	-0.3491	0.0997	-1.4076
-0.0632	-0.0283	0.0102	-0.2684	0.0957	-1.3914
-0.0612	-0.0297	0.0165	-0.3324	-0.1306	-1.4695
-0.0603	-0.0333	0.0126	-0.2306	-0.1273	-1.4353
-0.0569	-0.0378	0.0150	-0.1346	-0.3492	-1.3901
-0.0555	-0.0411	0.0112	-0.0385	-0.2873	-1.2489
-0.0532	-0.0420	0.0174	0.0410	-0.5792	-1.2738
-0.0516	-0.0453	0.0135	0.1297	-0.4991	-1.1758
-0.0474	-0.0490	0.0159	0.2906	-0.6456	-1.1239
-0.0490	-0.0459	0.0198	0.1808	-0.7541	-1.3014
-0.0504	-0.0424	0.0236	0.0225	-0.8406	-1.4625
-0.0513	-0.0389	0.0275	-0.1170	-0.9805	-1.6076
-0.0517	-0.0353	0.0313	-0.3682	-1.0706	-1.8137
-0.0517	-0.0315	0.0352	-0.6267	-1.1464	-1.9476
-0.0477	-0.0348	0.0376	-0.4289	-1.4836	-1.9197
-0.0477	-0.0386	0.0337	-0.1285	-1.3249	-1.6997
-0.0471	-0.0423	0.0299	0.0983	-1.1940	-1.5357
-0.0460	-0.0459	0.0260	0.2754	-1.0298	-1.3291
-0.0446	-0.0492	0.0222	0.3746	-0.9086	-1.2632
-0.0428	-0.0523	0.0183	0.5179	-0.8083	-1.0979
-0.0379	-0.0551	0.0207	0.7875	-0.9163	-0.9992
-0.0399	-0.0520	0.0245	0.7014	-1.0775	-1.1432
-0.0415	-0.0487	0.0284	0.5777	-1.2775	-1.3492
-0.0426	-0.0452	0.0322	0.3663	-1.3791	-1.4505
-0.0433	-0.0415	0.0361	0.1986	-1.6431	-1.6522
-0.0435	-0.0376	0.0399	-0.1881	-1.8776	-1.9708
-0.0431	-0.0335	0.0438	-0.5806	-2.0623	-2.1516
-0.0387	-0.0356	0.0462	-0.3644	-2.4608	-2.2044
-0.0390	-0.0398	0.0423	0.1076	-2.1146	-1.8919
-0.0388	-0.0438	0.0385	0.4391	-1.8274	-1.6388
-0.0380	-0.0475	0.0346	0.6421	-1.5659	-1.4468
-0.0367	-0.0511	0.0308	0.8822	-1.3966	-1.2660
-0.0349	-0.0544	0.0269	0.8841	-1.1341	-1.1448
-0.0328	-0.0574	0.0231	1.0934	-1.0328	-1.0111
-0.0277	-0.0591	0.0255	1.2958	-0.9813	-0.8684
-0.0298	-0.0561	0.0293	1.2455	-1.1856	-1.0028
-0.0317	-0.0529	0.0331	1.1630	-1.4171	-1.1510
-0.0331	-0.0494	0.0370	0.9549	-1.7155	-1.4367
-0.0341	-0.0455	0.0408	0.8367	-2.0958	-1.6379
-0.0344	-0.0415	0.0447	0.4651	-2.3845	-1.8533
-0.0297	-0.0424	0.0471	0.7694	-2.5772	-1.8377
-0.0292	-0.0467	0.0432	1.2854	-2.1889	-1.4971
-0.0281	-0.0506	0.0394	1.4535	-1.8324	-1.3143
-0.0266	-0.0541	0.0355	1.4945	-1.4306	-1.0590
-0.0247	-0.0573	0.0317	1.5626	-1.1622	-0.8857
-0.0223	-0.0602	0.0278	1.7531	-1.0024	-0.7663
-0.0197	-0.0628	0.0240	1.6466	-0.7391	-0.5839
-0.0251	-0.0617	0.0216	1.4120	-0.8440	-0.7732
-0.0223	-0.0639	0.0177	1.4211	-0.6602	-0.5958
-0.0168	-0.0649	0.0201	1.5987	-0.5552	-0.4570
-0.0112	-0.0653	0.0225	1.9005	-0.4407	-0.3363
-0.0143	-0.0633	0.0264	1.9131	-0.6346	-0.4883
-0.0170	-0.0608	0.0302	1.9490	-0.8499	-0.6157
-0.0194	-0.0580	0.0341	1.9814	-1.1341	-0.8023
-0.0215	-0.0548	0.0379	2.0176	-1.4894	-1.0099
-0.0232	-0.0512	0.0418	1.6953	-1.7630	-1.2180
-0.0182	-0.0512	0.0441	2.1740	-1.6524	-1.0185
-0.0165	-0.0548	0.0403	2.2509	-1.3120	-0.8667
-0.0143	-0.0580	0.0364	2.2145	-0.9633	-0.6680
-0.0117	-0.0608	0.0326	2.2581	-0.6860	-0.4690
-0.0088	-0.0632	0.0287	2.1927	-0.4469	-0.3137
-0.0057	-0.0652	0.0249	2.1215	-0.2618	-0.1997
-0.0024	-0.0667	0.0210	2.0841	-0.0981	-0.0688
-0.0080	-0.0670	0.0187	1.7971	-0.2761	-0.2219
-0.0047	-0.0683	0.0148	1.7699	-0.1442	-0.1085
-0.0012	-0.0691	0.0110	1.7808	-0.0324	-0.0082
0.0011	-0.0678	0.0172	1.9140	0.0362	0.0242
0.0046	-0.0686	0.0133	1.8667	0.1515	0.1416
0.0101	-0.0675	0.0157	1.9441	0.3560	0.2812
0.0066	-0.0669	0.0196	2.0766	0.2581	0.1865
0.0031	-0.0659	0.0234	2.1796	0.1316	0.0811
-0.0003	-0.0645	0.0273	2.4635	-0.0194	-0.0153
-0.0035	-0.0626	0.0311	2.3415	-0.2149	-0.1690
-0.0064	-0.0603	0.0350	2.5388	-0.4455	-0.3004
-0.0014	-0.0592	0.0373	2.7914	-0.1304	-0.0986
0.0016	-0.0614	0.0335	2.5092	0.0923	0.0487
0.0050	-0.0632	0.0296	2.6208	0.2923	0.1835
0.0084	-0.0645	0.0258	2.2468	0.4073	0.2889
0.0119	-0.0654	0.0219	2.2759	0.5409	0.3794
0.0156	-0.0658	0.0181	2.1353	0.6389	0.4878
0.0207	-0.0637	0.0205	2.0880	0.8909	0.6606
0.0171	-0.0634	0.0243	2.2692	0.8339	0.5775
0.0134	-0.0627	0.0282	2.5056	0.7667	0.5105
0.0100	-0.0614	0.0320	2.6919	0.6456	0.4021
0.0066	-0.0597	0.0359	2.7956	0.4660	0.2621
0.0034	-0.0575	0.0397	3.0171	0.2534	0.1074
0.0004	-0.0548	0.0436	2.9825	-0.0051	-0.0326
0.0048	-0.0526	0.0460	3.0345	0.4810	0.2344
0.0079	-0.0554	0.0421	3.1420	0.7438	0.3901
0.0112	-0.0575	0.0383	2.8519	0.9004	0.5204
0.0146	-0.0592	0.0344	2.6283	0.9974	0.5968
0.0183	-0.0603	0.0306	2.4991	1.0985	0.6690
0.0219	-0.0609	0.0267	2.0940	1.1207	0.8360
0.0255	-0.0610	0.0229	2.0931	1.1790	0.8103
0.0301	-0.0579	0.0252	1.8523	1.4107	1.0248
0.0264	-0.0579	0.0291	2.1866	1.4905	0.9842
0.0227	-0.0574	0.0329	2.2397	1.4273	0.9425
0.0191	-0.0564	0.0368	2.4866	1.4019	0.8592
0.0155	-0.0548	0.0406	2.6755	1.3865	0.8493
0.0193	-0.0517	0.0430	2.6712	1.8706	1.0483
0.0230	-0.0532	0.0392	2.4579	1.8856	1.1175
0.0268	-0.0542	0.0353	2.0602	1.7989	1.1977
0.0306	-0.0545	0.0315	1.8203	1.7507	1.2639
0.0343	-0.0544	0.0276	1.7461	1.7047	1.1931
0.0379	-0.0539	0.0238	1.4740	1.5840	1.2421
0.0337	-0.0575	0.0214	1.6273	1.3655	1.1042
0.0372	-0.0566	0.0175	1.6124	1.4060	1.1200
0.0414	-0.0528	0.0199	1.3010	1.5196	1.3245
0.0451	-0.0487	0.0223	1.1367	1.7124	1.4412
0.0417	-0.0498	0.0261	1.3445	1.8737	1.4283
0.0380	-0.0506	0.0300	1.5338	2.0048	1.4389
0.0343	-0.0508	0.0338	1.6344	2.0520	1.4256
0.0305	-0.0505	0.0377	1.7634	2.1524	1.4588
0.0266	-0.0496	0.0415	2.0791	2.2752	1.3865
0.0227	-0.0482	0.0454	2.3862	2.4353	1.3938
0.0256	-0.0443	0.0478	1.9723	2.9316	1.6627
0.0296	-0.0458	0.0439	1.5944	2.7401	1.7798
0.0336	-0.0466	0.0401	1.6082	2.5462	1.6106
0.0375	-0.0467	0.0362	1.3230	2.3953	1.7236
0.0413	-0.0463	0.0324	1.1305	2.1759	1.6726
0.0449	-0.0455	0.0285	1.0613	2.0215	1.5556
0.0483	-0.0443	0.0247	0.8576	1.8406	1.6227
0.0516	-0.0425	0.0208	0.8251	1.7899	1.6104
0.0483	-0.0472	0.0184	1.0869	1.6644	1.4077
0.0514	-0.0453	0.0146	0.9161	1.5113	1.4652
0.0542	-0.0430	0.0107	0.8804	1.4440	1.3323
0.0545	-0.0405	0.0170	0.7688	1.6511	1.4696
0.0572	-0.0381	0.0131	0.6820	1.5160	1.4334
0.0597	-0.0331	0.0155	0.4428	1.5785	1.6638
0.0571	-0.0355	0.0194	0.5137	1.7194	1.6424
0.0542	-0.0377	0.0232	0.5498	1.8579	1.7328
0.0511	-0.0395	0.0271	0.6301	2.0025	1.7322
0.0476	-0.0410	0.0309	0.7086	2.1424	1.7475
0.0440	-0.0419	0.0348	0.7226	2.3767	1.9506
0.0462	-0.0373	0.0371	0.3123	2.4894	2.1095
0.0499	-0.0361	0.0333	0.3483	2.3303	2.0062
0.0533	-0.0346	0.0294	0.3211	2.0905	1.8752
0.0564	-0.0327	0.0256	0.2061	1.8014	1.8464
0.0592	-0.0304	0.0217	0.2044	1.6511	1.7537
0.0617	-0.0277	0.0179	0.1864	1.4796	1.6523
0.0632	-0.0224	0.0203	-0.0073	1.5242	1.7048
0.0608	-0.0250	0.0241	-0.0717	1.6619	1.9065
0.0580	-0.0274	0.0280	-0.1192	1.8177	2.0295
0.0549	-0.0296	0.0318	-0.0611	1.9581	1.9251
0.0515	-0.0312	0.0357	0.0037	2.3200	2.0244
0.0478	-0.0324	0.0395	-0.0764	2.6248	2.2442
0.0439	-0.0331	0.0434	-0.0866	3.0180	2.3891
0.0448	-0.0283	0.0457	-0.6104	3.0215	2.4673
0.0489	-0.0275	0.0419	-0.5867	2.6488	2.4249
0.0526	-0.0262	0.0380	-0.5988	2.2423	2.3731
0.0560	-0.0244	0.0342	-0.4665	1.9212	2.1327
0.0590	-0.0222	0.0303	-0.3896	1.7084	2.0076
0.0617	-0.0197	0.0265	-0.3227	1.5445	1.9003
0.0640	-0.0169	0.0226	-0.3166	1.3520	1.9059
0.0660	-0.0138	0.0188	-0.2608	1.2987	1.8680
0.0652	-0.0194	0.0164	-0.0428	1.3705	1.7935
0.0669	-0.0162	0.0126	-0.0040	1.2540	1.6376
0.0676	-0.0106	0.0149	-0.2188	1.1070	1.7726
0.0676	-0.0050	0.0173	-0.4019	0.9586	1.8440
0.0687	-0.0014	0.0135	-0.3377	0.9173	1.8186
0.0687	-0.0072	0.0111	-0.1545	0.9954	1.6052
0.0695	-0.0036	0.0072	-0.1095	0.9447	1.5260
0.0699	-0.0001	0.0034	-0.0770	0.8935	1.6183
0.0697	-0.0060	0.0010	0.0651	1.0108	1.4813
0.0692	-0.0095	0.0049	0.0436	1.0917	1.5056
0.0682	-0.0129	0.0087	-0.0034	1.1131	1.6737
0.0672	-0.0185	0.0063	0.2003	1.2801	1.6163
0.0683	-0.0151	0.0025	0.1926	1.1167	1.5138
0.0668	-0.0208	0.0001	0.3766	1.2165	1.3983
0.0656	-0.0241	0.0040	0.3705	1.2413	1.4293
0.0657	-0.0219	0.0102	0.2097	1.3775	1.6029
0.0639	-0.0249	0.0140	0.2086	1.4343	1.5954
0.0620	-0.0303	0.0116	0.3956	1.3936	1.5128
0.0640	-0.0273	0.0078	0.4142	1.3857	1.4502
0.0635	-0.0295	0.0016	0.5331	1.2268	1.4645
0.0617	-0.0325	0.0054	0.5488	1.2851	1.4660
0.0596	-0.0355	0.0093	0.5748	1.3531	1.4904
0.0567	-0.0405	0.0069	0.8282	1.4028	1.4191
0.0589	-0.0377	0.0030	0.7435	1.2732	1.3692
0.0557	-0.0424	0.0007	0.9137	1.2187	1.2373
0.0534	-0.0451	0.0045	0.9694	1.2803	1.3289
0.0495	-0.0495	0.0021	1.0787	1.1263	1.1009
0.0468	-0.0517	0.0060	1.2814	1.2840	1.0919
0.0507	-0.0476	0.0084	1.0650	1.3481	1.2175
0.0478	-0.0497	0.0122	1.0803	1.3661	1.3276
0.0447	-0.0514	0.0161	1.3233	1.5604	1.3123
0.0405	-0.0554	0.0137	1.4208	1.3046	1.0720
0.0438	-0.0537	0.0098	1.2918	1.2649	1.1536
0.0393	-0.0574	0.0075	1.3743	1.0767	1.0455
0.0425	-0.0555	0.0036	1.3129	1.0691	1.0057
0.0377	-0.0590	0.0012	1.3914	0.9088	0.9126
0.0346	-0.0606	0.0051	1.5788	0.9726	0.8605
0.0313	-0.0620	0.0089	1.6522	0.9504	0.8035
0.0361	-0.0589	0.0113	1.4730	1.0954	1.0048
0.0327	-0.0600	0.0152	1.6884	1.1572	0.9372
0.0292	-0.0607	0.0190	1.7463	1.1313	0.9292
0.0243	-0.0635	0.0166	1.7807	0.8662	0.7115
0.0278	-0.0630	0.0128	1.7492	0.9221	0.7419
0.0261	-0.0646	0.0065	1.6663	0.7414	0.6740
0.0296	-0.0634	0.0027	1.5572	0.7569	0.7236
0.0242	-0.0657	0.0003	1.5170	0.5610	0.5798
0.0208	-0.0667	0.0042	1.6701	0.5527	0.5206
0.0227	-0.0654	0.0104	1.7691	0.7159	0.6502
0.0191	-0.0658	0.0142	1.8923	0.6662	0.5378
0.0136	-0.0676	0.0119	1.8392	0.4371	0.3773
0.0173	-0.0674	0.0080	1.6633	0.4831	0.4713
0.0153	-0.0683	0.0018	1.5602	0.3582	0.3633
0.0116	-0.0688	0.0056	1.6450	0.3057	0.3346
0.0081	-0.0689	0.0095	1.7738	0.2383	0.2171
0.0024	-0.0696	0.0071	1.5801	0.0648	0.0938
0.0060	-0.0697	0.0033	1.5942	0.1450	0.1774
0.0002	-0.0700	0.0009	1.3705	0.0052	0.0333
-0.0034	-0.0698	0.0047	1.5295	-0.0772	-0.0360
-0.0091	-0.0694	0.0023	1.3415	-0.1826	-0.1775
-0.0126	-0.0686	0.0062	1.3465	-0.2709	-0.2625
-0.0069	-0.0691	0.0086	1.5029	-0.1664	-0.1322
-0.0103	-0.0681	0.0124	1.6168	-0.2928	-0.2648
-0.0136	-0.0667	0.0163	1.6872	-0.4321	-0.3643
-0.0193	-0.0658	0.0139	1.4255	-0.5224	-0.5003
-0.0161	-0.0674	0.0100	1.3887	-0.3840	-0.3569
-0.0216	-0.0661	0.0077	1.1003	-0.4111	-0.4440
-0.0183	-0.0675	0.0038	1.1027	-0.3221	-0.3989
-0.0238	-0.0658	0.0014	0.9071	-0.3387	-0.4743
-0.0270	-0.0643	0.0053	0.9443	-0.4454	-0.5892
-0.0302	-0.0625	0.0091	0.9255	-0.5460	-0.6739
-0.0247	-0.0645	0.0115	1.0970	-0.5252	-0.5829
-0.0277	-0.0624	0.0154	1.1569	-0.6899	-0.7200
-0.0305	-0.0600	0.0192	1.0883	-0.8228	-0.8457
-0.0356	-0.0579	0.0168	0.8251	-0.7873	-0.9613
-0.0330	-0.0603	0.0130	0.9066	-0.6606	-0.7633
-0.0354	-0.0600	0.0068	0.6789	-0.4873	-0.7759
-0.0324	-0.0620	0.0029	0.7367	-0.4172	-0.6847
-0.0374	-0.0592	0.0005	0.5083	-0.3279	-0.7379
-0.0403	-0.0571	0.0044	0.4882	-0.4101	-0.8584
-0.0381	-0.0578	0.0106	0.6502	-0.5863	-0.8583
-0.0405	-0.0552	0.0145	0.6020	-0.6989	-0.9799
-0.0453	-0.0520	0.0121	0.3664	-0.5507	-0.9947
-0.0430	-0.0546	0.0082	0.4386	-0.4924	-0.9781
-0.0450	-0.0536	0.0020	0.3540	-0.3291	-0.8625
-0.0475	-0.0511	0.0058	0.3034	-0.3949	-0.9870
-0.0497	-0.0483	0.0097	0.2031	-0.4216	-1.0606
-0.0538	-0.0442	0.0073	0.0587	-0.2606	-1.1423
-0.0516	-0.0471	0.0035	0.1247	-0.2130	-1.0391
-0.0555	-0.0427	0.0011	0.0187	-0.0521	-1.0930
-0.0574	-0.0398	0.0049	-0.0412	-0.0892	-1.1983
-0.0590	-0.0366	0.0088	-0.1165	-0.1016	-1.2055
-0.0621	-0.0316	0.0064	-0.1805	0.1042	-1.2349
-0.0606	-0.0350	0.0026	-0.1088	0.1037	-1.1617
-0.0633	-0.0298	0.0002	-0.1384	0.2875	-1.1486
-0.0647	-0.0265	0.0040	-0.1932	0.2716	-1.3128
-0.0667	-0.0212	0.0016	-0.1758	0.4594	-1.2176
-0.0675	-0.0177	0.0055	-0.2396	0.5050	-1.3165
-0.0656	-0.0231	0.0079	-0.2615	0.2962	-1.3094
-0.0662	-0.0196	0.0117	-0.3569	0.3052	-1.5043
-0.0664	-0.0159	0.0156	-0.4402	0.3366	-1.5309
-0.0679	-0.0105	0.0132	-0.3948	0.5397	-1.6020
-0.0679	-0.0141	0.0093	-0.2929	0.5088	-1.3638
-0.0691	-0.0085	0.0070	-0.2256	0.6683	-1.4244
-0.0689	-0.0120	0.0031	-0.1742	0.6624	-1.2971
-0.0697	-0.0063	0.0007	-0.0852	0.7778	-1.3704
-0.0698	-0.0028	0.0046	-0.1282	0.8806	-1.4119
-0.0690	-0.0049	0.0108	-0.2790	0.7087	-1.4555
-0.0684	-0.0013	0.0147	-0.3470	0.7869	-1.5490
-0.0675	-0.0070	0.0170	-0.4795	0.6059	-1.6522
-0.0667	-0.0034	0.0209	-0.5457	0.6224	-1.6416
-0.0655	0.0000	0.0247	-0.6737	0.7186	-1.7829
-0.0627	-0.0020	0.0310	-0.9593	0.5527	-1.9083
-0.0611	-0.0071	0.0334	-1.1994	0.2550	-2.1439
-0.0592	-0.0037	0.0372	-1.4308	0.3603	-2.2395
-0.0567	-0.0007	0.0411	-1.6430	0.4849	-2.2605
-0.0516	-0.0023	0.0473	-2.4784	0.2278	-2.6922
-0.0489	-0.0063	0.0497	-2.7298	-0.2686	-2.7236
-0.0450	-0.0034	0.0535	-3.4636	-0.0712	-2.9170
-0.0401	-0.0010	0.0574	-4.9740	0.2059	-3.4744
-0.0363	-0.0039	0.0597	-5.5431	-0.3831	-3.3905
-0.0416	-0.0067	0.0559	-4.1352	-0.6708	-3.1580
-0.0377	-0.0092	0.0583	-4.7972	-1.2783	-3.3028
-0.0331	-0.0111	0.0607	-5.4815	-1.8224	-3.3283
-0.0381	-0.0150	0.0568	-3.8995	-2.0787	-3.1615
-0.0417	-0.0189	0.0530	-2.5993	-1.9773	-2.7522
-0.0375	-0.0209	0.0553	-2.6980	-2.5209	-2.7766
-0.0329	-0.0221	0.0577	-2.9922	-3.1304	-2.9026
-0.0281	-0.0224	0.0601	-3.2801	-3.3356	-2.7742
-0.0230	-0.0217	0.0625	-3.9918	-3.4796	-2.6741
-0.0176	-0.0196	0.0649	-5.1875	-3.1228	-2.3506
-0.0118	-0.0155	0.0672	-7.7678	-2.7083	-1.9860
-0.0118	-0.0209	0.0658	-4.8868	-2.8174	-1.7712
-0.0167	-0.0245	0.0634	-3.2953	-3.5360	-2.2392
-0.0216	-0.0267	0.0610	-2.3864	-3.8199	-2.5159
-0.0264	-0.0277	0.0586	-1.7863	-3.5638	-2.4860
-0.0312	-0.0276	0.0562	-1.8927	-3.4119	-2.7248
-0.0285	-0.0330	0.0548	-0.4913	-3.2610	-2.2198
-0.0238	-0.0327	0.0572	-0.4997	-3.3645	-2.1301
-0.0191	-0.0315	0.0595	-0.6573	-3.3506	-1.9814
-0.0202	-0.0373	0.0557	0.7130	-2.9395	-1.7115
-0.0157	-0.0358	0.0581	0.5905	-2.9686	-1.6702
-0.0146	-0.0292	0.0619	-1.3539	-3.1559	-1.8082
-0.0103	-0.0257	0.0643	-2.6873	-2.8169	-1.5565
-0.0114	-0.0334	0.0604	0.1922	-2.5219	-1.3573
-0.0114	-0.0396	0.0566	1.6348	-2.1092	-1.1478
-0.0157	-0.0414	0.0542	1.7126	-2.4135	-1.3461
-0.0104	-0.0448	0.0527	2.4676	-1.6001	-0.8719
-0.0063	-0.0427	0.0551	2.5724	-1.1727	-0.6139
-0.0074	-0.0370	0.0590	1.3028	-1.6214	-0.8533
-0.0076	-0.0299	0.0628	-0.8596	-2.0401	-1.0755
-0.0042	-0.0251	0.0652	-2.6713	-1.3897	-0.7074
-0.0015	-0.0182	0.0676	-6.4163	-0.6766	-0.3236
0.0012	-0.0230	0.0661	-3.6453	0.0698	0.0884
-0.0009	-0.0289	0.0637	-1.0243	-0.5314	-0.2559
-0.0038	-0.0335	0.0614	0.5129	-1.1108	-0.5743
-0.0025	-0.0398	0.0575	2.1409	-0.6554	-0.3606
0.0007	-0.0362	0.0599	1.3522	-0.0429	-0.0417
0.0033	-0.0318	0.0623	0.0207	0.5827	0.2966
0.0059	-0.0381	0.0584	1.7687	1.0516	0.5076
0.0029	-0.0418	0.0560	2.5733	0.3870	0.1546
0.0089	-0.0429	0.0546	2.5268	1.4795	0.7526
0.0122	-0.0467	0.0507	2.6945	1.6636	0.8853
0.0152	-0.0430	0.0531	2.2883	2.2805	1.1951
0.0174	-0.0390	0.0555	1.5518	2.9583	1.5905
0.0190	-0.0345	0.0579	0.5334	3.4410	1.8789
0.0144	-0.0297	0.0617	-0.9215	3.1872	1.7517
0.0134	-0.0346	0.0593	0.7209	2.6754	1.3990
0.0115	-0.0391	0.0569	1.8456	2.1501	1.1020
0.0081	-0.0337	0.0608	0.5869	1.6673	0.8472
0.0095	-0.0286	0.0632	-1.2763	2.2864	1.2271
0.0096	-0.0226	0.0656	-3.8079	2.3747	1.3758
0.0144	-0.0242	0.0641	-3.3356	3.6290	2.1193
0.0127	-0.0179	0.0665	-6.3945	3.2891	2.1105
0.0178	-0.0190	0.0650	-5.3999	3.9677	2.6345
0.0141	-0.0128	0.0674	-8.8181	3.2583	2.4580
0.0082	-0.0097	0.0688	-11.1451	1.8300	1.5776
0.0078	-0.0149	0.0679	-8.1558	2.1894	1.4233
0.0031	-0.0086	0.0694	-11.7928	1.0155	0.6573
0.0053	-0.0195	0.0670	-5.8669	1.3749	0.8656
0.0049	-0.0264	0.0646	-2.1843	1.0691	0.6035
0.0019	-0.0143	0.0685	-8.6154	0.2569	0.2969
